region,title,rent_type,community,location,area,rooms,direction,floor,price,unit_price,tags,source,url,scraped_at,lat,lng
xingqiao,整租·沁源公寓 4室1厅 南,整租,沁源公寓,临平区-星桥-沁源公寓,115.92,4室1厅,南,,2800,24.2,,,https://hz.lianjia.com/zufang/HZ2154803325143351296.html,2026-05-03 21:50:46,30.393086,120.242517
xingqiao,整租·悦恺公寓 1室0厅 南,整租,悦恺公寓,临平区-星桥-悦恺公寓,119.29,1室0厅,南,,1250,10.5,,,https://hz.lianjia.com/zufang/HZ2150162662556696576.html,2026-05-03 21:45:22,30.393086,120.242517
xingqiao,整租·沁源公寓 3室2厅 南,整租,沁源公寓,临平区-星桥-沁源公寓,89.31,3室2厅,南,,2300,25.8,,,https://hz.lianjia.com/zufang/HZ2158515480535498752.html,2026-05-03 21:50:46,30.393086,120.242517
xingqiao,独栋·冠寓 星桥店 杭漂首选！限时钜惠！整租品牌公寓！押一付一 ！ 开间,独栋,冠寓 星桥店 杭漂首选！限时钜惠！整租品牌公寓！押一付一 ！ 开间,,20.00,,,,1073,53.6,,,https://hz.lianjia.com/apartment/3699.html,2026-05-03 21:45:01,30.148561,120.243466
xingqiao,整租·擎天半岛 4室2厅 跃层 南,整租,擎天半岛,临平区-星桥-擎天半岛,138.18,4室2厅,,,3000,21.7,,,https://hz.lianjia.com/zufang/HZ2150145939208142848.html,2026-05-03 21:45:01,30.4024,120.265575
xingqiao,独栋·柚米 荟才公寓 星桥一室一厅人才公寓房燃气做饭 需社保劳动合同、佰特科创园旁 1室1厅,独栋,柚米 荟才公寓 星桥一室一厅人才公寓房燃气做饭 需社保劳动合同、佰特科创园旁,,60.00,1室1厅,,,860-1141,,,,https://hz.lianjia.com/apartment/107635.html,2026-05-03 21:45:01,30.29314,120.03536
xingqiao,整租·星润大厦 2室1厅 东,整租,星润大厦,临平区-星桥-星润大厦,70.00,2室1厅,东,,1499,21.4,,,https://hz.lianjia.com/zufang/HZ1871822814617534464.html,2026-05-03 21:50:07,30.40054,120.25105
xingqiao,整租·星润大厦 1室1厅 东,整租,星润大厦,临平区-星桥-星润大厦,42.00,1室1厅,东,,1230,29.3,,,https://hz.lianjia.com/zufang/HZ2140327053923188736.html,2026-05-03 21:45:01,30.40054,120.25105
xingqiao,整租·广厦天都城天风苑 3室2厅 南,整租,广厦天都城天风苑,临平区-星桥-广厦天都城天风苑,114.88,3室2厅,南,,2300,20.0,,,https://hz.lianjia.com/zufang/HZ1856495501382254592.html,2026-05-03 21:50:07,30.388509,120.240141
xingqiao,独栋·华皙 云栖星桥地铁站店 3号线星桥地铁口 开间,独栋,华皙 云栖星桥地铁站店 3号线星桥地铁口 开间,,20.00,,,,1400,70.0,,,https://hz.lianjia.com/apartment/48803.html,2026-05-03 21:45:04,30.389285,120.251386
xingqiao,整租·枫桥庭 3室2厅 南,整租,枫桥庭,临平区-星桥-枫桥庭,122.17,3室2厅,南,,2800,22.9,,,https://hz.lianjia.com/zufang/HZ2161404787667501056.html,2026-05-03 21:50:15,30.393086,120.242517
xingqiao,独栋·云栖公寓 云栖星桥店 无中介费网红精品公寓 1室1厅,独栋,云栖公寓 云栖星桥店 无中介费网红精品公寓,,25.00,1室1厅,,,1600,64.0,,,https://hz.lianjia.com/apartment/84244.html,2026-05-03 21:45:08,30.181549,119.943689
xingqiao,整租·瑞金华庭嘉苑 4室2厅 南,整租,瑞金华庭嘉苑,临平区-星桥-瑞金华庭嘉苑,136.00,4室2厅,南,,3500,25.7,,,https://hz.lianjia.com/zufang/HZ2138564463752642560.html,2026-05-03 21:45:30,30.393086,120.242517
xingqiao,整租·广厦天都城天风苑 5室2厅 南,整租,广厦天都城天风苑,临平区-星桥-广厦天都城天风苑,202.00,5室2厅,南,,3500,17.3,,,https://hz.lianjia.com/zufang/HZ2118581953664909312.html,2026-05-03 21:46:21,30.388509,120.240141
xingqiao,整租·滨沁公寓 3室2厅 南,整租,滨沁公寓,临平区-星桥-滨沁公寓,120.00,3室2厅,南,,2800,23.3,,,https://hz.lianjia.com/zufang/HZ2140452244829503488.html,2026-05-03 21:45:01,30.393086,120.242517
xingqiao,整租·星润大厦 1室1厅 南,整租,星润大厦,临平区-星桥-星润大厦,42.00,1室1厅,南,,1450,34.5,,,https://hz.lianjia.com/zufang/HZ2145831095667523584.html,2026-05-03 21:45:01,30.40054,120.25105
xingqiao,整租·广厦天都城天河苑 2室1厅 南,整租,广厦天都城天河苑,临平区-星桥-广厦天都城天河苑,58.00,2室1厅,南,,1500,25.9,,,https://hz.lianjia.com/zufang/HZ2150886606041513984.html,2026-05-03 21:45:22,30.388509,120.240141
xingqiao,整租·汤家锦绣公寓三区 3室2厅 南,整租,汤家锦绣公寓三区,临平区-星桥-汤家锦绣公寓三区,139.85,3室2厅,南,,3000,21.5,,,https://hz.lianjia.com/zufang/HZ2152720454538756096.html,2026-05-03 21:47:47,30.407467,120.240677
xingqiao,整租·枉山嘉苑一区 2室0厅 南,整租,枉山嘉苑一区,临平区-星桥-枉山嘉苑一区,60.00,2室0厅,南,,1600,26.7,,,https://hz.lianjia.com/zufang/HZ2137766763998216192.html,2026-05-03 21:45:30,30.417389,120.259482
xingqiao,整租·广厦天都城天风苑 3室2厅 南,整租,广厦天都城天风苑,临平区-星桥-广厦天都城天风苑,127.00,3室2厅,南,,2300,18.1,,,https://hz.lianjia.com/zufang/HZ2138987318281764864.html,2026-05-03 21:45:30,30.388509,120.240141
xingqiao,整租·星运丽园 2室2厅 南,整租,星运丽园,临平区-星桥-星运丽园,87.00,2室2厅,南,,2100,24.1,,,https://hz.lianjia.com/zufang/HZ2124345796257120256.html,2026-05-03 21:45:01,30.40054,120.25105
xingqiao,整租·金辉蓝光辉逸云筑 1室1厅 北,整租,金辉蓝光辉逸云筑,临平区-星桥-金辉蓝光辉逸云筑,25.00,1室1厅,北,,950,38.0,,,https://hz.lianjia.com/zufang/HZ2036362360913920000.html,2026-05-03 21:45:04,30.393086,120.242517
xingqiao,整租·广厦天都城天河苑 1室1厅 南,整租,广厦天都城天河苑,临平区-星桥-广厦天都城天河苑,58.00,1室1厅,南,,1700,29.3,,,https://hz.lianjia.com/zufang/HZ2157108212816412672.html,2026-05-03 21:48:58,30.388509,120.240141
xingqiao,整租·金辉蓝光辉逸云筑 1室1厅 北,整租,金辉蓝光辉逸云筑,临平区-星桥-金辉蓝光辉逸云筑,18.00,1室1厅,北,,950,52.8,,,https://hz.lianjia.com/zufang/HZ2036407704452333568.html,2026-05-03 21:45:04,30.393086,120.242517
xingqiao,整租·星雅嘉园逸景苑 3室2厅 南,整租,星雅嘉园逸景苑,临平区-星桥-星雅嘉园逸景苑,106.54,3室2厅,南,,2200,20.6,,,https://hz.lianjia.com/zufang/HZ2150618237144924160.html,2026-05-03 21:45:04,30.40054,120.25105
xingqiao,整租·星运丽园 1室1厅 南,整租,星运丽园,临平区-星桥-星运丽园,50.64,1室1厅,南,,1600,31.6,,,https://hz.lianjia.com/zufang/HZ1955542333244047360.html,2026-05-03 21:50:15,30.40054,120.25105
xingqiao,整租·通和十二橡树 5室2厅 南,整租,通和十二橡树,临平区-星桥-通和十二橡树,210.00,5室2厅,南,,5500,26.2,,,https://hz.lianjia.com/zufang/HZ2124732143480340480.html,2026-05-03 21:45:04,30.393086,120.242517
xingqiao,整租·沁源公寓 3室2厅 南,整租,沁源公寓,临平区-星桥-沁源公寓,88.47,3室2厅,南,,2300,26.0,,,https://hz.lianjia.com/zufang/HZ1956037733977686016.html,2026-05-03 21:50:15,30.393086,120.242517
xingqiao,整租·广厦天都城天星苑 3室2厅 南,整租,广厦天都城天星苑,临平区-星桥-广厦天都城天星苑,123.99,3室2厅,南,,2600,21.0,,,https://hz.lianjia.com/zufang/HZ2155673804838273024.html,2026-05-03 21:50:46,30.388509,120.240141
xingqiao,整租·杭颂星澜府 3室2厅 南,整租,杭颂星澜府,临平区-星桥-杭颂星澜府,89.00,3室2厅,南,,2900,32.6,,,https://hz.lianjia.com/zufang/HZ2127332364718702592.html,2026-05-03 21:45:53,30.393086,120.242517
xingqiao,整租·绿城紫桂公寓 2室2厅 南,整租,绿城紫桂公寓,临平区-星桥-绿城紫桂公寓,85.00,2室2厅,南,,2200,25.9,,,https://hz.lianjia.com/zufang/HZ2085233202519080960.html,2026-05-03 21:49:50,30.393086,120.242517
xingqiao,整租·瑞金华丽嘉苑 1室1厅 南,整租,瑞金华丽嘉苑,临平区-星桥-瑞金华丽嘉苑,30.00,1室1厅,南,,1100,36.7,,,https://hz.lianjia.com/zufang/HZ2150928327823589376.html,2026-05-03 21:46:11,30.393086,120.242517
xingqiao,独栋·惠都公寓 星桥店 三房朝南 可停车 楼下商超购物方便 无中介费 3室1厅,独栋,惠都公寓 星桥店 三房朝南 可停车 楼下商超购物方便 无中介费,,108.00,3室1厅,,,2240,20.7,,,https://hz.lianjia.com/apartment/49898.html,2026-05-03 21:45:08,30.398676,120.263635
xingqiao,整租·星润大厦 1室1厅 西南,整租,星润大厦,临平区-星桥-星润大厦,46.00,1室1厅,西南,,1380,30.0,,,https://hz.lianjia.com/zufang/HZ2114336986708836352.html,2026-05-03 21:46:21,30.40054,120.25105
xingqiao,整租·星润大厦 1室1厅 南,整租,星润大厦,临平区-星桥-星润大厦,42.00,1室1厅,南,,1350,32.1,,,https://hz.lianjia.com/zufang/HZ2122604162767126528.html,2026-05-03 21:45:04,30.40054,120.25105
xingqiao,整租·金辉蓝光辉逸云筑 4室2厅 南,整租,金辉蓝光辉逸云筑,临平区-星桥-金辉蓝光辉逸云筑,120.00,4室2厅,南,,3900,32.5,,,https://hz.lianjia.com/zufang/HZ2123786474162749440.html,2026-05-03 21:45:04,30.393086,120.242517
xingqiao,整租·星桥桂花城 3室2厅 南,整租,星桥桂花城,临平区-星桥-星桥桂花城,137.00,3室2厅,南,,3000,21.9,,,https://hz.lianjia.com/zufang/HZ2125481997206814720.html,2026-05-03 21:45:04,30.40054,120.25105
xingqiao,整租·星润大厦 1室1厅 南,整租,星润大厦,临平区-星桥-星润大厦,42.00,1室1厅,南,,1350,32.1,,,https://hz.lianjia.com/zufang/HZ2129961328352165888.html,2026-05-03 21:45:53,30.40054,120.25105
xingqiao,整租·星运丽园兰逸 7室2厅 东南/南,整租,星运丽园兰逸,临平区-星桥-星运丽园兰逸,350.00,7室2厅,东南/南,,8200,23.4,,,https://hz.lianjia.com/zufang/HZ2131643762370150400.html,2026-05-03 21:45:53,30.40054,120.25105
xingqiao,整租·金辉蓝光辉逸云筑 2室1厅 南,整租,金辉蓝光辉逸云筑,临平区-星桥-金辉蓝光辉逸云筑,80.00,2室1厅,南,,2400,30.0,,,https://hz.lianjia.com/zufang/HZ2047624978085445632.html,2026-05-03 21:50:15,30.393086,120.242517
xingqiao,整租·枉山嘉苑一区 2室1厅 南,整租,枉山嘉苑一区,临平区-星桥-枉山嘉苑一区,80.00,2室1厅,南,,2100,26.2,,,https://hz.lianjia.com/zufang/HZ2138126800847372288.html,2026-05-03 21:45:30,30.417389,120.259482
xingqiao,整租·金辉蓝光辉逸云筑 1室1厅 北,整租,金辉蓝光辉逸云筑,临平区-星桥-金辉蓝光辉逸云筑,25.00,1室1厅,北,,950,38.0,,,https://hz.lianjia.com/zufang/HZ2037107366117244928.html,2026-05-03 21:50:15,30.393086,120.242517
xingqiao,整租·擎天半岛 2室2厅 东南,整租,擎天半岛,临平区-星桥-擎天半岛,86.46,2室2厅,东南,,2100,24.3,,,https://hz.lianjia.com/zufang/HZ2150165374157455360.html,2026-05-03 21:45:08,30.4024,120.265575
xingqiao,整租·广厦天都城天河苑 2室2厅 东,整租,广厦天都城天河苑,临平区-星桥-广厦天都城天河苑,44.09,2室2厅,东,,1000,22.7,,,https://hz.lianjia.com/zufang/HZ1746451444392787968.html,2026-05-03 21:49:57,30.388509,120.240141
xingqiao,整租·星运丽园 1室1厅 南,整租,星运丽园,临平区-星桥-星运丽园,50.00,1室1厅,南,,1700,34.0,,,https://hz.lianjia.com/zufang/HZ2158144365308936192.html,2026-05-03 21:46:32,30.40054,120.25105
xingqiao,整租·擎天半岛 3室2厅 南,整租,擎天半岛,临平区-星桥-擎天半岛,139.41,3室2厅,南,,3100,22.2,,,https://hz.lianjia.com/zufang/HZ2148344399258451968.html,2026-05-03 21:45:08,30.4024,120.265575
xingqiao,整租·黄鹤山居 2室2厅 东,整租,黄鹤山居,临平区-星桥-黄鹤山居,85.54,2室2厅,东,,2100,24.5,,,https://hz.lianjia.com/zufang/HZ2154581739878481920.html,2026-05-03 21:50:46,30.393086,120.242517
xingqiao,整租·广厦天都城天风苑 3室2厅 南,整租,广厦天都城天风苑,临平区-星桥-广厦天都城天风苑,84.11,3室2厅,南,,2200,26.2,,,https://hz.lianjia.com/zufang/HZ2154564934732611584.html,2026-05-03 21:50:46,30.388509,120.240141
xingqiao,整租·卓悦华庭（临平区） 2室1厅 南,整租,卓悦华庭（临平区）,临平区-星桥-卓悦华庭,68.00,2室1厅,南,,1950,28.7,,,https://hz.lianjia.com/zufang/HZ2158566739309232128.html,2026-05-03 21:45:08,30.393086,120.242517
xingqiao,整租·金辉蓝光辉逸云筑 1室1厅 南,整租,金辉蓝光辉逸云筑,临平区-星桥-金辉蓝光辉逸云筑,38.00,1室1厅,南,,1550,40.8,,,https://hz.lianjia.com/zufang/HZ2036399465031532544.html,2026-05-03 21:45:08,30.393086,120.242517
xingqiao,整租·融创融耀之城 3室2厅 南,整租,融创融耀之城,临平区-星桥-融创融耀之城,89.00,3室2厅,南,,3500,39.3,,,https://hz.lianjia.com/zufang/HZ2148656466439962624.html,2026-05-03 21:45:08,30.393086,120.242517
xingqiao,整租·金辉蓝光辉逸云筑 1室0厅 南,整租,金辉蓝光辉逸云筑,临平区-星桥-金辉蓝光辉逸云筑,35.00,1室0厅,南,,1395,39.9,,,https://hz.lianjia.com/zufang/HZ2037059597503561728.html,2026-05-03 21:45:08,30.393086,120.242517
xingqiao,整租·金辉蓝光辉逸云筑 1室1厅 北,整租,金辉蓝光辉逸云筑,临平区-星桥-金辉蓝光辉逸云筑,15.00,1室1厅,北,,950,63.3,,,https://hz.lianjia.com/zufang/HZ2036672683717951488.html,2026-05-03 21:50:15,30.393086,120.242517
xingqiao,整租·广厦天都城天河苑 1室1厅 西,整租,广厦天都城天河苑,临平区-星桥-广厦天都城天河苑,27.00,1室1厅,西,,600,22.2,,,https://hz.lianjia.com/zufang/HZ2138113840410263552.html,2026-05-03 21:45:30,30.388509,120.240141
xingqiao,整租·金辉蓝光辉逸云筑 1室1厅 南/西,整租,金辉蓝光辉逸云筑,临平区-星桥-金辉蓝光辉逸云筑,38.00,1室1厅,南/西,,1550,40.8,,,https://hz.lianjia.com/zufang/HZ2036759109574852608.html,2026-05-03 21:50:15,30.393086,120.242517
xingqiao,整租·美好桂花金座 2室2厅 南,整租,美好桂花金座,临平区-星桥-美好桂花金座,89.00,2室2厅,南,,2500,28.1,,,https://hz.lianjia.com/zufang/HZ2147256567584522240.html,2026-05-03 21:45:08,30.393086,120.242517
xingqiao,整租·擎天半岛 3室2厅 南/北,整租,擎天半岛,临平区-星桥-擎天半岛,88.34,3室2厅,南/北,,2390,27.1,,,https://hz.lianjia.com/zufang/HZ2155182448831365120.html,2026-05-03 21:46:07,30.4024,120.265575
xingqiao,整租·通和十二橡树 3室2厅 南,整租,通和十二橡树,临平区-星桥-通和十二橡树,128.67,3室2厅,南,,2600,20.2,,,https://hz.lianjia.com/zufang/HZ2050915173287329792.html,2026-05-03 21:50:07,30.393086,120.242517
xingqiao,整租·广厦天都城天河苑 1室1厅 南,整租,广厦天都城天河苑,临平区-星桥-广厦天都城天河苑,56.00,1室1厅,南,,1300,23.2,,,https://hz.lianjia.com/zufang/HZ2029027511072980992.html,2026-05-03 21:45:08,30.388509,120.240141
xingqiao,整租·通和十二橡树 2室2厅 南,整租,通和十二橡树,临平区-星桥-通和十二橡树,80.82,2室2厅,南,,2200,27.2,,,https://hz.lianjia.com/zufang/HZ2141428323236970496.html,2026-05-03 21:45:08,30.393086,120.242517
xingqiao,整租·嘉和银领时代 1室1厅 东南,整租,嘉和银领时代,临平区-星桥-嘉和银领时代,30.00,1室1厅,东南,,1400,46.7,,,https://hz.lianjia.com/zufang/HZ2077707329612021760.html,2026-05-03 21:45:11,30.393086,120.242517
xingqiao,整租·悦恺公寓 5室1厅 南,整租,悦恺公寓,临平区-星桥-悦恺公寓,160.00,5室1厅,南,,4500,28.1,,,https://hz.lianjia.com/zufang/HZ2141077175841849344.html,2026-05-03 21:45:11,30.393086,120.242517
xingqiao,整租·星润大厦 1室1厅 南,整租,星润大厦,临平区-星桥-星润大厦,30.00,1室1厅,南,,1050,35.0,,,https://hz.lianjia.com/zufang/HZ1837389550356267008.html,2026-05-03 21:50:07,30.40054,120.25105
xingqiao,整租·星运丽园 1室1厅 南,整租,星运丽园,临平区-星桥-星运丽园,50.00,1室1厅,南,,1500,30.0,,,https://hz.lianjia.com/zufang/HZ1896462968560812032.html,2026-05-03 21:50:15,30.40054,120.25105
xingqiao,整租·金辉蓝光辉逸云筑 1室1厅 南/北,整租,金辉蓝光辉逸云筑,临平区-星桥-金辉蓝光辉逸云筑,33.00,1室1厅,南/北,,1450,43.9,,,https://hz.lianjia.com/zufang/HZ2036788737421082624.html,2026-05-03 21:50:15,30.393086,120.242517
xingqiao,整租·金辉蓝光辉逸云筑 1室1厅 北,整租,金辉蓝光辉逸云筑,临平区-星桥-金辉蓝光辉逸云筑,20.00,1室1厅,北,,950,47.5,,,https://hz.lianjia.com/zufang/HZ2036339286629941248.html,2026-05-03 21:45:08,30.393086,120.242517
xingqiao,整租·广厦天都城天湖苑 3室2厅 南,整租,广厦天都城天湖苑,临平区-星桥-广厦天都城天湖苑,117.66,3室2厅,南,,2400,20.4,,,https://hz.lianjia.com/zufang/HZ2149417556094484480.html,2026-05-03 21:45:11,30.388509,120.240141
xingqiao,整租·广厦天都城紫韵公寓 2室1厅 南,整租,广厦天都城紫韵公寓,临平区-星桥-广厦天都城紫韵公寓,52.72,2室1厅,南,,2100,39.8,,,https://hz.lianjia.com/zufang/HZ2157861925021548544.html,2026-05-03 21:50:46,30.388509,120.240141
xingqiao,整租·广厦天都城天河苑 1室1厅 南,整租,广厦天都城天河苑,临平区-星桥-广厦天都城天河苑,27.46,1室1厅,南,,1000,36.4,,,https://hz.lianjia.com/zufang/HZ1903039708758278144.html,2026-05-03 21:50:15,30.388509,120.240141
xingqiao,整租·擎天半岛 3室2厅 南,整租,擎天半岛,临平区-星桥-擎天半岛,89.19,3室2厅,南,,2000,22.4,,,https://hz.lianjia.com/zufang/HZ2151275328452952064.html,2026-05-03 21:50:46,30.4024,120.265575
xingqiao,整租·星桥桂花城 2室1厅 东南,整租,星桥桂花城,临平区-星桥-星桥桂花城,72.64,2室1厅,东南,,1900,26.2,,,https://hz.lianjia.com/zufang/HZ1858866564627955712.html,2026-05-03 21:50:07,30.40054,120.25105
xingqiao,整租·瑞金华庭嘉苑 3室2厅 复式 南,整租,瑞金华庭嘉苑,临平区-星桥-瑞金华庭嘉苑,92.70,3室2厅,,,2600,28.0,,,https://hz.lianjia.com/zufang/HZ2045094309606195200.html,2026-05-03 21:50:15,30.393086,120.242517
xingqiao,整租·星润大厦 2室1厅 东,整租,星润大厦,临平区-星桥-星润大厦,60.00,2室1厅,东,,1399,23.3,,,https://hz.lianjia.com/zufang/HZ1813920676684234752.html,2026-05-03 21:49:57,30.40054,120.25105
xingqiao,整租·融创融耀之城 3室2厅 南,整租,融创融耀之城,临平区-星桥-融创融耀之城,89.00,3室2厅,南,,3500,39.3,,,https://hz.lianjia.com/zufang/HZ2155626315934334976.html,2026-05-03 21:48:58,30.393086,120.242517
xingqiao,整租·嘉和银领时代 2室2厅 南,整租,嘉和银领时代,临平区-星桥-嘉和银领时代,86.00,2室2厅,南,,2200,25.6,,,https://hz.lianjia.com/zufang/HZ2115422148175593472.html,2026-05-03 21:46:21,30.393086,120.242517
xingqiao,整租·广厦天都城天河苑 3室2厅 南,整租,广厦天都城天河苑,临平区-星桥-广厦天都城天河苑,103.60,3室2厅,南,,1850,17.9,,,https://hz.lianjia.com/zufang/HZ2106986088449966080.html,2026-05-03 21:46:15,30.388509,120.240141
xingqiao,整租·广厦天都城天河苑 2室2厅 东,整租,广厦天都城天河苑,临平区-星桥-广厦天都城天河苑,60.00,2室2厅,东,,1600,26.7,,,https://hz.lianjia.com/zufang/HZ2154149896062500864.html,2026-05-03 21:45:11,30.388509,120.240141
xingqiao,整租·广厦天都城尚棠源筑 2室1厅 南,整租,广厦天都城尚棠源筑,临平区-星桥-广厦天都城尚棠源筑,70.00,2室1厅,南,,2000,28.6,,,https://hz.lianjia.com/zufang/HZ2141539812950147072.html,2026-05-03 21:45:11,30.388509,120.240141
xingqiao,整租·学成府 3室2厅 南,整租,学成府,临平区-星桥-学成府,137.88,3室2厅,南,,1700,12.3,,,https://hz.lianjia.com/zufang/HZ2144372336822845440.html,2026-05-03 21:47:54,30.39775,120.25414
xingqiao,合租·桐鹤名苑一区 2居室 南卧,合租,桐鹤名苑一区 2居室 南卧,临平区-星桥-桐鹤名苑一区,65.00,,,,1600,24.6,,,https://hz.lianjia.com/zufang/HZ2150099953618255872.html,2026-05-03 21:45:22,30.384679,120.25723
xingqiao,整租·星润大厦 2室1厅 跃层 南,整租,星润大厦,临平区-星桥-星润大厦,42.00,2室1厅,,,2300,54.8,,,https://hz.lianjia.com/zufang/HZ2087422592485949440.html,2026-05-03 21:45:11,30.40054,120.25105
xingqiao,整租·星缦和润城 5室2厅 南,整租,星缦和润城,临平区-星桥-星缦和润城,182.00,5室2厅,南,,11000,60.4,,,https://hz.lianjia.com/zufang/HZ2142832047821946880.html,2026-05-03 21:45:11,30.40054,120.25105
xingqiao,整租·美好桂花金座 2室1厅 南,整租,美好桂花金座,临平区-星桥-美好桂花金座,80.00,2室1厅,南,,2200,27.5,,,https://hz.lianjia.com/zufang/HZ2145889494685974528.html,2026-05-03 21:45:11,30.393086,120.242517
xingqiao,合租·太平家园 2居室 北卧,合租,太平家园 2居室 北卧,临平区-星桥-太平家园,60.00,,,,1500,25.0,,,https://hz.lianjia.com/zufang/HZ2148713844715814912.html,2026-05-03 21:49:50,30.40004,120.25084
xingqiao,整租·枉山嘉苑二区 2室2厅 南,整租,枉山嘉苑二区,临平区-星桥-枉山嘉苑二区,80.00,2室2厅,南,,1400,17.5,,,https://hz.lianjia.com/zufang/HZ2150433822959730688.html,2026-05-03 21:45:22,30.417889,120.257298
xingqiao,整租·桐鹤名苑三区 1室1厅 南,整租,桐鹤名苑三区,临平区-星桥-桐鹤名苑三区,41.00,1室1厅,南,,1500,36.6,,,https://hz.lianjia.com/zufang/HZ2161754592222642176.html,2026-05-03 21:49:50,30.381966,120.253407
xingqiao,整租·广厦天都城紫韵公寓 3室2厅 南,整租,广厦天都城紫韵公寓,临平区-星桥-广厦天都城紫韵公寓,80.00,3室2厅,南,,2400,30.0,,,https://hz.lianjia.com/zufang/HZ2162099947321688064.html,2026-05-03 21:49:50,30.388509,120.240141
xingqiao,整租·广厦天都城天河苑 2室1厅 南,整租,广厦天都城天河苑,临平区-星桥-广厦天都城天河苑,53.55,2室1厅,南,,1600,29.9,,,https://hz.lianjia.com/zufang/HZ2162093572768137216.html,2026-05-03 21:49:50,30.388509,120.240141
xingqiao,整租·瑞金华庭嘉苑 3室2厅 南,整租,瑞金华庭嘉苑,临平区-星桥-瑞金华庭嘉苑,94.00,3室2厅,南,,1600,17.0,,,https://hz.lianjia.com/zufang/HZ2162098077849092096.html,2026-05-03 21:49:06,30.393086,120.242517
xingqiao,整租·广厦天都城天泉苑 3室2厅 南,整租,广厦天都城天泉苑,临平区-星桥-广厦天都城天泉苑,139.00,3室2厅,南,,2900,20.9,,,https://hz.lianjia.com/zufang/HZ2162041271454007296.html,2026-05-03 21:49:57,30.388509,120.240141
xingqiao,整租·汤家锦绣公寓三区 3室2厅 南,整租,汤家锦绣公寓三区,临平区-星桥-汤家锦绣公寓三区,127.00,3室2厅,南,,2450,19.3,,,https://hz.lianjia.com/zufang/HZ2162128669902897152.html,2026-05-03 21:49:57,30.407467,120.240677
xingqiao,整租·滨沁公寓 3室2厅 南/西南/西,整租,滨沁公寓,临平区-星桥-滨沁公寓,89.14,3室2厅,南/西南/西,,3300,37.0,,,https://hz.lianjia.com/zufang/HZ2162198859810340864.html,2026-05-03 21:49:57,30.393086,120.242517
xingqiao,整租·瑞金华翠嘉苑 3室2厅 南,整租,瑞金华翠嘉苑,临平区-星桥-瑞金华翠嘉苑,89.33,3室2厅,南,,2400,26.9,,,https://hz.lianjia.com/zufang/HZ2119028335722889216.html,2026-05-03 21:46:21,30.393086,120.242517
xingqiao,合租·星缦和润城 4居室 南卧,合租,星缦和润城 4居室 南卧,临平区-星桥-星缦和润城,30.00,,,,1300,43.3,,,https://hz.lianjia.com/zufang/HZ2138973580921143296.html,2026-05-03 21:45:30,30.417947,120.243564
xingqiao,整租·嘉和银领时代 3室1厅 南,整租,嘉和银领时代,临平区-星桥-嘉和银领时代,86.00,3室1厅,南,,2600,30.2,,,https://hz.lianjia.com/zufang/HZ2138601560215650304.html,2026-05-03 21:45:30,30.393086,120.242517
xingqiao,合租·太平家园 4居室 南卧,合租,太平家园 4居室 南卧,临平区-星桥-太平家园,30.00,,,,800,26.7,,,https://hz.lianjia.com/zufang/HZ2158805753442336768.html,2026-05-03 21:49:50,30.40188,120.25483
xingqiao,整租·星桥桂花城 3室2厅 南/北,整租,星桥桂花城,临平区-星桥-星桥桂花城,88.39,3室2厅,南/北,,3000,33.9,,,https://hz.lianjia.com/zufang/HZ2148002892903088128.html,2026-05-03 21:45:15,30.40054,120.25105
xingqiao,整租·广厦天都城尚棠源筑 2室1厅 南/西,整租,广厦天都城尚棠源筑,临平区-星桥-广厦天都城尚棠源筑,60.00,2室1厅,南/西,,2000,33.3,,,https://hz.lianjia.com/zufang/HZ2152034374810337280.html,2026-05-03 21:46:11,30.388509,120.240141
xingqiao,合租·苏荷苑 1居室 东南/南卧,合租,苏荷苑 1居室 东南/南卧,临平区-星桥-苏荷苑,30.00,,,,800,26.7,,,https://hz.lianjia.com/zufang/HZ2148740272098377728.html,2026-05-03 21:45:15,30.40188,120.25483
xingqiao,整租·杭颂星澜府 3室2厅 南,整租,杭颂星澜府,临平区-星桥-杭颂星澜府,89.00,3室2厅,南,,3800,42.7,,,https://hz.lianjia.com/zufang/HZ2154870143505661952.html,2026-05-03 21:46:07,30.393086,120.242517
xingqiao,整租·广厦天都城天河苑 2室1厅 南,整租,广厦天都城天河苑,临平区-星桥-广厦天都城天河苑,63.00,2室1厅,南,,1300,20.6,,,https://hz.lianjia.com/zufang/HZ2087385776529604608.html,2026-05-03 21:49:06,30.388509,120.240141
xingqiao,整租·星缦和润城 3室2厅 南,整租,星缦和润城,临平区-星桥-星缦和润城,89.00,3室2厅,南,,3600,40.4,,,https://hz.lianjia.com/zufang/HZ2158527520490651648.html,2026-05-03 21:48:58,30.40054,120.25105
xingqiao,整租·瑞金华丽嘉苑 2室2厅 南,整租,瑞金华丽嘉苑,临平区-星桥-瑞金华丽嘉苑,90.13,2室2厅,南,,2200,24.4,,,https://hz.lianjia.com/zufang/HZ2124351578293927936.html,2026-05-03 21:45:15,30.393086,120.242517
xingqiao,整租·绿城紫桂公寓 2室2厅 跃层 南,整租,绿城紫桂公寓,临平区-星桥-绿城紫桂公寓,131.72,2室2厅,,,3200,24.3,,,https://hz.lianjia.com/zufang/HZ2010563695192571904.html,2026-05-03 21:45:15,30.393086,120.242517
xingqiao,整租·杭颂星澜府 3室2厅 南,整租,杭颂星澜府,临平区-星桥-杭颂星澜府,89.00,3室2厅,南,,3500,39.3,,,https://hz.lianjia.com/zufang/HZ2149525159613038592.html,2026-05-03 21:45:22,30.393086,120.242517
xingqiao,整租·黄鹤山居 3室2厅 南,整租,黄鹤山居,临平区-星桥-黄鹤山居,149.00,3室2厅,南,,1800,12.1,,,https://hz.lianjia.com/zufang/HZ2129128239669444608.html,2026-05-03 21:45:53,30.393086,120.242517
xingqiao,整租·广厦天都城天河苑 2室1厅 南,整租,广厦天都城天河苑,临平区-星桥-广厦天都城天河苑,62.73,2室1厅,南,,1700,27.1,,,https://hz.lianjia.com/zufang/HZ2049111744986480640.html,2026-05-03 21:45:15,30.388509,120.240141
xingqiao,整租·广厦天都城天河苑 1室1厅 南,整租,广厦天都城天河苑,临平区-星桥-广厦天都城天河苑,26.00,1室1厅,南,,1200,46.2,,,https://hz.lianjia.com/zufang/HZ2150180579822272512.html,2026-05-03 21:45:22,30.388509,120.240141
xingqiao,整租·广厦天都城天河苑 2室1厅 南,整租,广厦天都城天河苑,临平区-星桥-广厦天都城天河苑,50.14,2室1厅,南,,1300,25.9,,,https://hz.lianjia.com/zufang/HZ2142904300429377536.html,2026-05-03 21:45:15,30.388509,120.240141
xingqiao,整租·天水苑 3室1厅 南,整租,天水苑,临平区-星桥-天水苑,70.00,3室1厅,南,,2100,30.0,,,https://hz.lianjia.com/zufang/HZ2155588288491028480.html,2026-05-03 21:46:36,30.38585,120.250517
xingqiao,整租·广厦天都城天河苑 1室0厅 南,整租,广厦天都城天河苑,临平区-星桥-广厦天都城天河苑,29.03,1室0厅,南,,1000,34.4,,,https://hz.lianjia.com/zufang/HZ2061336826982957056.html,2026-05-03 21:45:15,30.388509,120.240141
xingqiao,整租·广厦天都城天河苑 1室1厅 南,整租,广厦天都城天河苑,临平区-星桥-广厦天都城天河苑,28.94,1室1厅,南,,1000,34.6,,,https://hz.lianjia.com/zufang/HZ2116804105551740928.html,2026-05-03 21:46:21,30.388509,120.240141
xingqiao,整租·桐鹤名苑二区 2室1厅 东南,整租,桐鹤名苑二区,临平区-星桥-桐鹤名苑二区,72.00,2室1厅,东南,,1600,22.2,,,https://hz.lianjia.com/zufang/HZ2138165426385846272.html,2026-05-03 21:45:30,30.382427,120.25509
xingqiao,整租·广厦天都城天月苑 3室1厅 跃层 南,整租,广厦天都城天月苑,临平区-星桥-广厦天都城天月苑,80.00,3室1厅,,,2500,31.2,,,https://hz.lianjia.com/zufang/HZ2155216720107667456.html,2026-05-03 21:46:27,30.388509,120.240141
xingqiao,整租·杭颂星澜府 3室2厅 南,整租,杭颂星澜府,临平区-星桥-杭颂星澜府,89.00,3室2厅,南,,3500,39.3,,,https://hz.lianjia.com/zufang/HZ2128709113893355520.html,2026-05-03 21:45:53,30.393086,120.242517
xingqiao,整租·广厦天都城天河苑 1室1厅 南,整租,广厦天都城天河苑,临平区-星桥-广厦天都城天河苑,32.93,1室1厅,南,,1380,41.9,,,https://hz.lianjia.com/zufang/HZ2157342598514081792.html,2026-05-03 21:48:58,30.388509,120.240141
xingqiao,整租·桐鹤名苑一区 2室1厅 南,整租,桐鹤名苑一区,临平区-星桥-桐鹤名苑一区,67.00,2室1厅,南,,1600,23.9,,,https://hz.lianjia.com/zufang/HZ2122174003878559744.html,2026-05-03 21:45:15,30.38485,120.25702
xingqiao,整租·天水苑 3室2厅 南,整租,天水苑,临平区-星桥-天水苑,132.00,3室2厅,南,,4600,34.8,,,https://hz.lianjia.com/zufang/HZ2159179191134715904.html,2026-05-03 21:45:15,30.38585,120.250517
xingqiao,整租·沁源公寓 3室2厅 南,整租,沁源公寓,临平区-星桥-沁源公寓,89.00,3室2厅,南,,1200,13.5,,,https://hz.lianjia.com/zufang/HZ2128694139196276736.html,2026-05-03 21:45:53,30.393086,120.242517
xingqiao,整租·广厦天都城天河苑 1室1厅 南,整租,广厦天都城天河苑,临平区-星桥-广厦天都城天河苑,33.00,1室1厅,南,,1200,36.4,,,https://hz.lianjia.com/zufang/HZ2112840715632377856.html,2026-05-03 21:46:15,30.388509,120.240141
xingqiao,整租·华艺星座 3室2厅 南,整租,华艺星座,临平区-星桥-华艺星座,87.69,3室2厅,南,,2200,25.1,,,https://hz.lianjia.com/zufang/HZ2148060197078171648.html,2026-05-03 21:45:15,30.393086,120.242517
xingqiao,整租·广厦天都城天河苑 1室1厅 南,整租,广厦天都城天河苑,临平区-星桥-广厦天都城天河苑,25.91,1室1厅,南,,1100,42.5,,,https://hz.lianjia.com/zufang/HZ2074017020491333632.html,2026-05-03 21:45:15,30.388509,120.240141
xingqiao,整租·滨沁公寓 3室2厅 南,整租,滨沁公寓,临平区-星桥-滨沁公寓,87.78,3室2厅,南,,1300,14.8,,,https://hz.lianjia.com/zufang/HZ2143241305289916416.html,2026-05-03 21:45:15,30.393086,120.242517
xingqiao,整租·桂花星座 3室2厅 南/西/北,整租,桂花星座,临平区-星桥-桂花星座,99.00,3室2厅,南/西/北,,2600,26.3,,,https://hz.lianjia.com/zufang/HZ2150104831195348992.html,2026-05-03 21:45:22,30.400218,120.262201
xingqiao,整租·五月花城 3室2厅 南,整租,五月花城,临平区-星桥-五月花城,89.00,3室2厅,南,,2500,28.1,,,https://hz.lianjia.com/zufang/HZ2099816647547158528.html,2026-05-03 21:45:19,30.393086,120.242517
xingqiao,整租·沁源公寓 4室2厅 南,整租,沁源公寓,临平区-星桥-沁源公寓,116.00,4室2厅,南,,2200,19.0,,,https://hz.lianjia.com/zufang/HZ2057374761201172480.html,2026-05-03 21:48:32,30.393086,120.242517
xingqiao,整租·星桥桂花城 2室1厅 南,整租,星桥桂花城,临平区-星桥-星桥桂花城,146.00,2室1厅,南,,2000,13.7,,,https://hz.lianjia.com/zufang/HZ2144738470524878848.html,2026-05-03 21:47:54,30.40054,120.25105
xingqiao,合租·宾果公寓 1居室 北卧,合租,宾果公寓 1居室 北卧,临平区-星桥-宾果公寓,30.00,,,,1300,43.3,,,https://hz.lianjia.com/zufang/HZ2155308847734980608.html,2026-05-03 21:48:58,30.40004,120.25084
xingqiao,整租·融创融耀之城 3室2厅 南,整租,融创融耀之城,临平区-星桥-融创融耀之城,89.00,3室2厅,南,,3400,38.2,,,https://hz.lianjia.com/zufang/HZ2144657761659518976.html,2026-05-03 21:47:54,30.393086,120.242517
xingqiao,整租·擎天半岛 3室2厅 南,整租,擎天半岛,临平区-星桥-擎天半岛,89.00,3室2厅,南,,2300,25.8,,,https://hz.lianjia.com/zufang/HZ2120849356104925184.html,2026-05-03 21:46:21,30.4024,120.265575
xingqiao,整租·广厦天都城天星苑 2室2厅 南/北,整租,广厦天都城天星苑,临平区-星桥-广厦天都城天星苑,86.00,2室2厅,南/北,,1800,20.9,,,https://hz.lianjia.com/zufang/HZ2092185089814298624.html,2026-05-03 21:45:19,30.388509,120.240141
xingqiao,整租·融创融耀之城 3室1厅 南,整租,融创融耀之城,临平区-星桥-融创融耀之城,105.00,3室1厅,南,,4800,45.7,,,https://hz.lianjia.com/zufang/HZ2144311038818910208.html,2026-05-03 21:47:54,30.393086,120.242517
xingqiao,整租·月映星语园 3室2厅 南,整租,月映星语园,临平区-星桥-月映星语园,99.00,3室2厅,南,,3600,36.4,,,https://hz.lianjia.com/zufang/HZ2126232465751146496.html,2026-05-03 21:45:19,30.393086,120.242517
xingqiao,整租·广厦天都城天河苑 2室1厅 南,整租,广厦天都城天河苑,临平区-星桥-广厦天都城天河苑,54.59,2室1厅,南,,1500,27.5,,,https://hz.lianjia.com/zufang/HZ1955857795051945984.html,2026-05-03 21:45:19,30.388509,120.240141
xingqiao,整租·太平家园 2室0厅 南/北,整租,太平家园,临平区-星桥-太平家园,70.00,2室0厅,南/北,,1200,17.1,,,https://hz.lianjia.com/zufang/HZ2153689754950959104.html,2026-05-03 21:45:19,30.393086,120.242517
xingqiao,整租·七彩星商业中心 1室1厅 南,整租,七彩星商业中心,临平区-星桥-七彩星商业中心,49.15,1室1厅,南,,3600,73.2,,,https://hz.lianjia.com/zufang/HZ2115042218027778048.html,2026-05-03 21:46:21,30.393086,120.242517
xingqiao,整租·悦惺金座 3室2厅 东南/北,整租,悦惺金座,临平区-星桥-悦惺金座,139.00,3室2厅,东南/北,,2500,18.0,,,https://hz.lianjia.com/zufang/HZ2153038813448896512.html,2026-05-03 21:47:47,30.393086,120.242517
xingqiao,整租·桐鹤名苑二区 3室2厅 南,整租,桐鹤名苑二区,临平区-星桥-桐鹤名苑二区,125.00,3室2厅,南,,2500,20.0,,,https://hz.lianjia.com/zufang/HZ2157031846074908672.html,2026-05-03 21:46:36,30.382427,120.25509
xingqiao,整租·嘉和银领时代 3室1厅 南,整租,嘉和银领时代,临平区-星桥-嘉和银领时代,89.00,3室1厅,南,,2700,30.3,,,https://hz.lianjia.com/zufang/HZ2093280090300350464.html,2026-05-03 21:45:19,30.393086,120.242517
xingqiao,整租·悦泽公寓 4室2厅 南,整租,悦泽公寓,临平区-星桥-悦泽公寓,120.00,4室2厅,南,,2400,20.0,,,https://hz.lianjia.com/zufang/HZ2145497827013296128.html,2026-05-03 21:47:54,30.393086,120.242517
xingqiao,整租·广厦天都城紫韵公寓 3室2厅 南,整租,广厦天都城紫韵公寓,临平区-星桥-广厦天都城紫韵公寓,131.00,3室2厅,南,,1900,14.5,,,https://hz.lianjia.com/zufang/HZ2122901683389333504.html,2026-05-03 21:45:19,30.388509,120.240141
xingqiao,合租·锦上庭 3居室 南卧,合租,锦上庭 3居室 南卧,临平区-星桥-锦上庭,60.00,,,,1600,26.7,,,https://hz.lianjia.com/zufang/HZ2161104379455733760.html,2026-05-03 21:45:19,30.40478,120.269
xingqiao,合租·锦上庭 3居室 南/北卧,合租,锦上庭 3居室 南/北卧,临平区-星桥-锦上庭,100.00,,,,2500,25.0,,,https://hz.lianjia.com/zufang/HZ2161100734253236224.html,2026-05-03 21:48:58,30.40478,120.269
xingqiao,合租·锦上庭 6居室 南卧,合租,锦上庭 6居室 南卧,临平区-星桥-锦上庭,35.00,,,,1380,39.4,,,https://hz.lianjia.com/zufang/HZ2162049893143674880.html,2026-05-03 21:45:19,30.40478,120.269
xingqiao,整租·广厦天都城天泉苑 3室2厅 南/北,整租,广厦天都城天泉苑,临平区-星桥-广厦天都城天泉苑,130.00,3室2厅,南/北,,2700,20.8,,,https://hz.lianjia.com/zufang/HZ2161759441450434560.html,2026-05-03 21:48:32,30.388509,120.240141
xingqiao,合租·太平家园 5居室 南卧,合租,太平家园 5居室 南卧,临平区-星桥-太平家园,25.00,,,,1200,48.0,,,https://hz.lianjia.com/zufang/HZ2162095995624620032.html,2026-05-03 21:49:50,30.40188,120.25483
xingqiao,整租·枫桥庭 2室1厅 南,整租,枫桥庭,临平区-星桥-枫桥庭,88.00,2室1厅,南,,2000,22.7,,,https://hz.lianjia.com/zufang/HZ2161823952123461632.html,2026-05-03 21:49:06,30.393086,120.242517
xingqiao,合租·汤家锦绣公寓三区 2居室 南卧,合租,汤家锦绣公寓三区 2居室 南卧,临平区-星桥-汤家锦绣公寓三区,65.00,,,,1500,23.1,,,https://hz.lianjia.com/zufang/HZ2162116628416823296.html,2026-05-03 21:49:50,30.408085,120.240484
xingqiao,合租·汤家锦绣公寓三区 2居室 西南/西北卧,合租,汤家锦绣公寓三区 2居室 西南/西北卧,临平区-星桥-汤家锦绣公寓三区,70.00,,,,1800,25.7,,,https://hz.lianjia.com/zufang/HZ2162116012638470144.html,2026-05-03 21:49:06,30.408085,120.240484
xingqiao,整租·广厦天都城紫韵公寓 2室2厅 东南,整租,广厦天都城紫韵公寓,临平区-星桥-广厦天都城紫韵公寓,80.00,2室2厅,东南,,2200,27.5,,,https://hz.lianjia.com/zufang/HZ2162127942744801280.html,2026-05-03 21:49:57,30.388509,120.240141
xingqiao,整租·擎天半岛 3室1厅 南,整租,擎天半岛,临平区-星桥-擎天半岛,89.00,3室1厅,南,,2200,24.7,,,https://hz.lianjia.com/zufang/HZ2162138169774964736.html,2026-05-03 21:49:57,30.4024,120.265575
xingqiao,整租·金辉蓝光辉逸云筑 3室2厅 南,整租,金辉蓝光辉逸云筑,临平区-星桥-金辉蓝光辉逸云筑,89.00,3室2厅,南,,3400,38.2,,,https://hz.lianjia.com/zufang/HZ2162112138997399552.html,2026-05-03 21:49:57,30.393086,120.242517
xingqiao,合租·苏荷苑 3居室 北卧,合租,苏荷苑 3居室 北卧,临平区-星桥-苏荷苑,80.00,,,,1700,21.2,,,https://hz.lianjia.com/zufang/HZ2162132985325813760.html,2026-05-03 21:49:57,30.40004,120.25084
xingqiao,整租·融创融耀之城 3室2厅 南,整租,融创融耀之城,临平区-星桥-融创融耀之城,105.00,3室2厅,南,,4500,42.9,,,https://hz.lianjia.com/zufang/HZ2162157783686840320.html,2026-05-03 21:49:57,30.393086,120.242517
xingqiao,整租·星琮宋韵里 1室1厅 南,整租,星琮宋韵里,临平区-星桥-星琮宋韵里,53.00,1室1厅,南,,2200,41.5,,,https://hz.lianjia.com/zufang/HZ2148998853943099392.html,2026-05-03 21:45:22,30.40054,120.25105
xingqiao,整租·广厦天都城天星苑 3室2厅 南,整租,广厦天都城天星苑,临平区-星桥-广厦天都城天星苑,88.00,3室2厅,南,,2700,30.7,,,https://hz.lianjia.com/zufang/HZ2149055226965917696.html,2026-05-03 21:45:22,30.388509,120.240141
xingqiao,整租·卓悦华庭（临平区） 3室2厅 南,整租,卓悦华庭（临平区）,临平区-星桥-卓悦华庭,89.00,3室2厅,南,,3200,36.0,,,https://hz.lianjia.com/zufang/HZ2149055074033205248.html,2026-05-03 21:45:22,30.393086,120.242517
xingqiao,整租·擎天半岛 3室2厅 南,整租,擎天半岛,临平区-星桥-擎天半岛,89.00,3室2厅,南,,2100,23.6,,,https://hz.lianjia.com/zufang/HZ2149109675977605120.html,2026-05-03 21:45:22,30.4024,120.265575
xingqiao,整租·融创融耀之城 3室2厅 南,整租,融创融耀之城,临平区-星桥-融创融耀之城,89.00,3室2厅,南,,3600,40.4,,,https://hz.lianjia.com/zufang/HZ2149168748165070848.html,2026-05-03 21:45:22,30.393086,120.242517
xingqiao,整租·惠都家园 3室1厅 南,整租,惠都家园,临平区-星桥-惠都家园,85.00,3室1厅,南,,2200,25.9,,,https://hz.lianjia.com/zufang/HZ2149409180711124992.html,2026-05-03 21:45:22,30.398126,120.264496
xingqiao,整租·广厦天都城天湖苑 1室0厅 西南,整租,广厦天都城天湖苑,临平区-星桥-广厦天都城天湖苑,29.07,1室0厅,西南,,700,24.1,,,https://hz.lianjia.com/zufang/HZ2149158835481214976.html,2026-05-03 21:45:22,30.388509,120.240141
xingqiao,整租·瑞金华庭嘉苑 3室2厅 南,整租,瑞金华庭嘉苑,临平区-星桥-瑞金华庭嘉苑,89.00,3室2厅,南,,2600,29.2,,,https://hz.lianjia.com/zufang/HZ2149399834249920512.html,2026-05-03 21:45:22,30.393086,120.242517
xingqiao,合租·苏荷苑 3居室 北卧,合租,苏荷苑 3居室 北卧,临平区-星桥-苏荷苑,70.00,,,,1800,25.7,,,https://hz.lianjia.com/zufang/HZ2149520920434180096.html,2026-05-03 21:45:22,30.40004,120.25084
xingqiao,整租·经纬美耀湾 2室2厅 南/北,整租,经纬美耀湾,临平区-星桥-经纬美耀湾,89.00,2室2厅,南/北,,2500,28.1,,,https://hz.lianjia.com/zufang/HZ2149427946312433664.html,2026-05-03 21:45:22,30.393086,120.242517
xingqiao,整租·汤家锦绣公寓三区 3室2厅 南,整租,汤家锦绣公寓三区,临平区-星桥-汤家锦绣公寓三区,120.00,3室2厅,南,,2500,20.8,,,https://hz.lianjia.com/zufang/HZ2149697780585594880.html,2026-05-03 21:45:22,30.407467,120.240677
xingqiao,整租·金辉蓝光辉逸云筑 3室1厅 南,整租,金辉蓝光辉逸云筑,临平区-星桥-金辉蓝光辉逸云筑,89.00,3室1厅,南,,3500,39.3,,,https://hz.lianjia.com/zufang/HZ2149798447153152000.html,2026-05-03 21:45:22,30.393086,120.242517
xingqiao,整租·桐鹤名苑三区 2室2厅 南/北,整租,桐鹤名苑三区,临平区-星桥-桐鹤名苑三区,80.00,2室2厅,南/北,,2800,35.0,,,https://hz.lianjia.com/zufang/HZ2149834496155844608.html,2026-05-03 21:45:22,30.381966,120.253407
xingqiao,整租·惠都家园 3室2厅 南,整租,惠都家园,临平区-星桥-惠都家园,85.00,3室2厅,南,,1500,17.6,,,https://hz.lianjia.com/zufang/HZ2150095636802830336.html,2026-05-03 21:45:22,30.398126,120.264496
xingqiao,整租·滨沁公寓 3室2厅 南,整租,滨沁公寓,临平区-星桥-滨沁公寓,89.00,3室2厅,南,,2700,30.3,,,https://hz.lianjia.com/zufang/HZ2150095235592486912.html,2026-05-03 21:45:22,30.393086,120.242517
xingqiao,整租·滨沁公寓 3室2厅 南,整租,滨沁公寓,临平区-星桥-滨沁公寓,89.21,3室2厅,南,,1500,16.8,,,https://hz.lianjia.com/zufang/HZ2150198774432006144.html,2026-05-03 21:45:22,30.393086,120.242517
xingqiao,整租·嘉和银领时代 3室2厅 南,整租,嘉和银领时代,临平区-星桥-嘉和银领时代,87.00,3室2厅,南,,2300,26.4,,,https://hz.lianjia.com/zufang/HZ2150233381479120896.html,2026-05-03 21:45:22,30.393086,120.242517
xingqiao,整租·桐鹤名苑三区 2室1厅 东,整租,桐鹤名苑三区,临平区-星桥-桐鹤名苑三区,80.00,2室1厅,东,,1500,18.8,,,https://hz.lianjia.com/zufang/HZ2150281999066071040.html,2026-05-03 21:45:22,30.381966,120.253407
xingqiao,整租·苏荷苑 3室2厅 南,整租,苏荷苑,临平区-星桥-苏荷苑,130.46,3室2厅,南,,3500,26.8,,,https://hz.lianjia.com/zufang/HZ2150459280292052992.html,2026-05-03 21:45:22,30.393086,120.242517
xingqiao,整租·融创融耀之城 3室2厅 南,整租,融创融耀之城,临平区-星桥-融创融耀之城,105.00,3室2厅,南,,3800,36.2,,,https://hz.lianjia.com/zufang/HZ2150482014485086208.html,2026-05-03 21:45:22,30.393086,120.242517
xingqiao,整租·广厦天都城天河苑 2室1厅 东,整租,广厦天都城天河苑,临平区-星桥-广厦天都城天河苑,46.70,2室1厅,东,,1600,34.3,,,https://hz.lianjia.com/zufang/HZ2150529029294260224.html,2026-05-03 21:45:22,30.388509,120.240141
xingqiao,整租·瑞金华丽嘉苑 2室1厅 南,整租,瑞金华丽嘉苑,临平区-星桥-瑞金华丽嘉苑,90.00,2室1厅,南,,3000,33.3,,,https://hz.lianjia.com/zufang/HZ2150576778404429824.html,2026-05-03 21:45:22,30.393086,120.242517
xingqiao,合租·悦泽公寓 2居室 南卧,合租,悦泽公寓 2居室 南卧,临平区-星桥-悦泽公寓,60.00,,,,1500,25.0,,,https://hz.lianjia.com/zufang/HZ2150563265392934912.html,2026-05-03 21:45:22,30.40188,120.25483
xingqiao,整租·广厦天都城天星苑 3室2厅 南,整租,广厦天都城天星苑,临平区-星桥-广厦天都城天星苑,119.14,3室2厅,南,,2800,23.5,,,https://hz.lianjia.com/zufang/HZ2062104309201371136.html,2026-05-03 21:48:06,30.388509,120.240141
xingqiao,整租·广厦天都城天星苑 3室2厅 西,整租,广厦天都城天星苑,临平区-星桥-广厦天都城天星苑,123.98,3室2厅,西,,3000,24.2,,,https://hz.lianjia.com/zufang/HZ2138282428865708032.html,2026-05-03 21:45:26,30.388509,120.240141
xingqiao,整租·锦上庭 4室2厅 南,整租,锦上庭,临平区-星桥-锦上庭,196.00,4室2厅,南,,3000,15.3,,,https://hz.lianjia.com/zufang/HZ2161670229480964096.html,2026-05-03 21:48:06,30.40478,120.269
xingqiao,整租·沁源公寓 3室2厅 南/北,整租,沁源公寓,临平区-星桥-沁源公寓,88.00,3室2厅,南/北,,2400,27.3,,,https://hz.lianjia.com/zufang/HZ2153054300136275968.html,2026-05-03 21:48:06,30.393086,120.242517
xingqiao,整租·惠都家园 2室2厅 南,整租,惠都家园,临平区-星桥-惠都家园,82.00,2室2厅,南,,2600,31.7,,,https://hz.lianjia.com/zufang/HZ2139939690743070720.html,2026-05-03 21:48:06,30.398126,120.264496
xingqiao,整租·广厦天都城天河苑 2室1厅 南,整租,广厦天都城天河苑,临平区-星桥-广厦天都城天河苑,50.00,2室1厅,南,,1800,36.0,,,https://hz.lianjia.com/zufang/HZ2090674393570082816.html,2026-05-03 21:48:06,30.388509,120.240141
xingqiao,整租·学成府 3室2厅 南,整租,学成府,临平区-星桥-学成府,101.00,3室2厅,南,,1700,16.8,,,https://hz.lianjia.com/zufang/HZ2153459263907823616.html,2026-05-03 21:48:06,30.39775,120.25414
xingqiao,整租·惠都家园 2室1厅 南,整租,惠都家园,临平区-星桥-惠都家园,89.00,2室1厅,南,,1350,15.2,,,https://hz.lianjia.com/zufang/HZ2048614751189073920.html,2026-05-03 21:48:06,30.398126,120.264496
xingqiao,整租·悦泽公寓 4室2厅 南,整租,悦泽公寓,临平区-星桥-悦泽公寓,160.00,4室2厅,南,,2500,15.6,,,https://hz.lianjia.com/zufang/HZ2047304404452769792.html,2026-05-03 21:48:06,30.393086,120.242517
xingqiao,整租·苏荷苑 4室2厅 南,整租,苏荷苑,临平区-星桥-苏荷苑,171.13,4室2厅,南,,7500,43.8,,,https://hz.lianjia.com/zufang/HZ1894603918172749824.html,2026-05-03 21:48:06,30.393086,120.242517
xingqiao,整租·惠都家园 2室1厅 南,整租,惠都家园,临平区-星桥-惠都家园,88.00,2室1厅,南,,2300,26.1,,,https://hz.lianjia.com/zufang/HZ2141047913881534464.html,2026-05-03 21:45:26,30.398126,120.264496
xingqiao,整租·惠都家园 3室2厅 南,整租,惠都家园,临平区-星桥-惠都家园,85.00,3室2厅,南,,2300,27.1,,,https://hz.lianjia.com/zufang/HZ2160370201726550016.html,2026-05-03 21:48:06,30.398126,120.264496
xingqiao,整租·沁源公寓 4室2厅 南,整租,沁源公寓,临平区-星桥-沁源公寓,115.69,4室2厅,南,,4000,34.6,,,https://hz.lianjia.com/zufang/HZ2153478093472268288.html,2026-05-03 21:45:26,30.393086,120.242517
xingqiao,整租·五月花城 3室2厅 南,整租,五月花城,临平区-星桥-五月花城,142.46,3室2厅,南,,3100,21.8,,,https://hz.lianjia.com/zufang/HZ2151627029395537920.html,2026-05-03 21:48:06,30.393086,120.242517
xingqiao,整租·黄鹤山居 2室2厅 南,整租,黄鹤山居,临平区-星桥-黄鹤山居,86.00,2室2厅,南,,2200,25.6,,,https://hz.lianjia.com/zufang/HZ2157395858188926976.html,2026-05-03 21:45:26,30.393086,120.242517
xingqiao,整租·金辉蓝光辉逸云筑 4室2厅 南,整租,金辉蓝光辉逸云筑,临平区-星桥-金辉蓝光辉逸云筑,119.70,4室2厅,南,,3800,31.7,,,https://hz.lianjia.com/zufang/HZ2160572577611776000.html,2026-05-03 21:45:26,30.393086,120.242517
xingqiao,整租·苏荷苑 3室2厅 南/北,整租,苏荷苑,临平区-星桥-苏荷苑,136.35,3室2厅,南/北,,3500,25.7,,,https://hz.lianjia.com/zufang/HZ2142470043995209728.html,2026-05-03 21:45:26,30.393086,120.242517
xingqiao,整租·星桥桂花城 2室2厅 南,整租,星桥桂花城,临平区-星桥-星桥桂花城,86.00,2室2厅,南,,2150,25.0,,,https://hz.lianjia.com/zufang/HZ2142521416711405568.html,2026-05-03 21:45:26,30.40054,120.25105
xingqiao,整租·惠都家园 2室1厅 南,整租,惠都家园,临平区-星桥-惠都家园,84.00,2室1厅,南,,2100,25.0,,,https://hz.lianjia.com/zufang/HZ2079399111404027904.html,2026-05-03 21:45:26,30.398126,120.264496
xingqiao,整租·湖印宸山庄 4室3厅 南,整租,湖印宸山庄,临平区-星桥-湖印宸山庄,135.00,4室3厅,南,,6500,48.1,,,https://hz.lianjia.com/zufang/HZ2126597195862900736.html,2026-05-03 21:48:06,30.39403,120.235907
xingqiao,整租·惠都家园 2室2厅 南,整租,惠都家园,临平区-星桥-惠都家园,89.00,2室2厅,南,,1400,15.7,,,https://hz.lianjia.com/zufang/HZ2148646264047140864.html,2026-05-03 21:45:26,30.398126,120.264496
xingqiao,整租·融创融耀之城 4室2厅 南,整租,融创融耀之城,临平区-星桥-融创融耀之城,125.00,4室2厅,南,,4900,39.2,,,https://hz.lianjia.com/zufang/HZ2155509835636932608.html,2026-05-03 21:45:26,30.393086,120.242517
xingqiao,整租·惠都家园 2室1厅 南,整租,惠都家园,临平区-星桥-惠都家园,89.00,2室1厅,南,,1600,18.0,,,https://hz.lianjia.com/zufang/HZ2093271986804359168.html,2026-05-03 21:49:57,30.398126,120.264496
xingqiao,整租·广厦天都城天泉苑 5室2厅 跃层 南,整租,广厦天都城天泉苑,临平区-星桥-广厦天都城天泉苑,210.00,5室2厅,,,4200,20.0,,,https://hz.lianjia.com/zufang/HZ2058456421871124480.html,2026-05-03 21:49:57,30.388509,120.240141
xingqiao,整租·星雅嘉园逸景苑 2室2厅 南,整租,星雅嘉园逸景苑,临平区-星桥-星雅嘉园逸景苑,100.00,2室2厅,南,,2500,25.0,,,https://hz.lianjia.com/zufang/HZ2138558678448472064.html,2026-05-03 21:45:26,30.40054,120.25105
xingqiao,整租·美好桂花金座 3室2厅 东/南/北,整租,美好桂花金座,临平区-星桥-美好桂花金座,139.00,3室2厅,东/南/北,,2300,16.5,,,https://hz.lianjia.com/zufang/HZ2128344563205537792.html,2026-05-03 21:48:06,30.393086,120.242517
xingqiao,整租·惠都家园 2室2厅 南,整租,惠都家园,临平区-星桥-惠都家园,90.00,2室2厅,南,,1300,14.4,,,https://hz.lianjia.com/zufang/HZ2161764940728238080.html,2026-05-03 21:45:26,30.398126,120.264496
xingqiao,整租·广厦天都城爵士花园 3室2厅 南,整租,广厦天都城爵士花园,临平区-星桥-广厦天都城爵士花园,122.82,3室2厅,南,,2600,21.2,,,https://hz.lianjia.com/zufang/HZ2088938447250128896.html,2026-05-03 21:45:26,30.388509,120.240141
xingqiao,整租·广厦天都城天河苑 1室1厅 东,整租,广厦天都城天河苑,临平区-星桥-广厦天都城天河苑,26.00,1室1厅,东,,1150,44.2,,,https://hz.lianjia.com/zufang/HZ2054245302608592896.html,2026-05-03 21:48:06,30.388509,120.240141
xingqiao,整租·滨沁公寓 4室2厅 南,整租,滨沁公寓,临平区-星桥-滨沁公寓,115.00,4室2厅,南,,3060,26.6,,,https://hz.lianjia.com/zufang/HZ2144058828138741760.html,2026-05-03 21:45:26,30.393086,120.242517
xingqiao,合租·太平家园 3居室 北卧,合租,太平家园 3居室 北卧,临平区-星桥-太平家园,60.00,,,,1700,28.3,,,https://hz.lianjia.com/zufang/HZ2137769114368737280.html,2026-05-03 21:45:30,30.40004,120.25084
xingqiao,整租·黄鹤山居 3室2厅 南/北,整租,黄鹤山居,临平区-星桥-黄鹤山居,149.81,3室2厅,南/北,,3500,23.4,,,https://hz.lianjia.com/zufang/HZ2137500816313942016.html,2026-05-03 21:45:30,30.393086,120.242517
xingqiao,整租·惠都家园 3室1厅 南,整租,惠都家园,临平区-星桥-惠都家园,85.00,3室1厅,南,,2000,23.5,,,https://hz.lianjia.com/zufang/HZ2137829610795040768.html,2026-05-03 21:45:30,30.398126,120.264496
xingqiao,合租·桐鹤名苑三区 2居室 南卧,合租,桐鹤名苑三区 2居室 南卧,临平区-星桥-桐鹤名苑三区,60.00,,,,2000,33.3,,,https://hz.lianjia.com/zufang/HZ2138158997390229504.html,2026-05-03 21:45:30,30.380765,120.253866
xingqiao,整租·学成府 3室2厅 南,整租,学成府,临平区-星桥-学成府,101.12,3室2厅,南,,3600,35.6,,,https://hz.lianjia.com/zufang/HZ2138160723090472960.html,2026-05-03 21:45:30,30.39775,120.25414
xingqiao,整租·滨沁公寓 3室2厅 南,整租,滨沁公寓,临平区-星桥-滨沁公寓,89.00,3室2厅,南,,4000,44.9,,,https://hz.lianjia.com/zufang/HZ2138219057713774592.html,2026-05-03 21:45:30,30.393086,120.242517
xingqiao,整租·锦上庭 2室1厅 南,整租,锦上庭,临平区-星桥-锦上庭,70.00,2室1厅,南,,2400,34.3,,,https://hz.lianjia.com/zufang/HZ2138500204398116864.html,2026-05-03 21:45:30,30.40478,120.269
xingqiao,整租·汤家锦绣公寓三区 2室2厅 南,整租,汤家锦绣公寓三区,临平区-星桥-汤家锦绣公寓三区,81.00,2室2厅,南,,1800,22.2,,,https://hz.lianjia.com/zufang/HZ2138593204969144320.html,2026-05-03 21:45:30,30.407467,120.240677
xingqiao,整租·美好桂花金座 1室0厅 南,整租,美好桂花金座,临平区-星桥-美好桂花金座,30.00,1室0厅,南,,980,32.7,,,https://hz.lianjia.com/zufang/HZ2138552736243777536.html,2026-05-03 21:45:30,30.393086,120.242517
xingqiao,合租·桐鹤名苑三区 4居室 南卧,合租,桐鹤名苑三区 4居室 南卧,临平区-星桥-桐鹤名苑三区,30.00,,,,1200,40.0,,,https://hz.lianjia.com/zufang/HZ2138592345602392064.html,2026-05-03 21:45:30,30.380588,120.253227
xingqiao,整租·滨沁公寓 3室2厅 南,整租,滨沁公寓,临平区-星桥-滨沁公寓,89.14,3室2厅,南,,3000,33.7,,,https://hz.lianjia.com/zufang/HZ2138881678003666944.html,2026-05-03 21:45:30,30.393086,120.242517
xingqiao,合租·滨沁公寓 3居室 南/北卧,合租,滨沁公寓 3居室 南/北卧,临平区-星桥-滨沁公寓,100.00,,,,2400,24.0,,,https://hz.lianjia.com/zufang/HZ2138893849970343936.html,2026-05-03 21:45:30,30.40004,120.25084
xingqiao,整租·宾果公寓 2室1厅 南,整租,宾果公寓,临平区-星桥-宾果公寓,89.00,2室1厅,南,,2000,22.5,,,https://hz.lianjia.com/zufang/HZ2138963141390761984.html,2026-05-03 21:45:30,30.393086,120.242517
xingqiao,整租·广厦天都城天河苑 1室1厅 南,整租,广厦天都城天河苑,临平区-星桥-广厦天都城天河苑,32.82,1室1厅,南,,1250,38.1,,,https://hz.lianjia.com/zufang/HZ2138713973476818944.html,2026-05-03 21:45:30,30.388509,120.240141
xingqiao,整租·广厦天都城尚棠源筑 3室2厅 南,整租,广厦天都城尚棠源筑,临平区-星桥-广厦天都城尚棠源筑,89.00,3室2厅,南,,3200,36.0,,,https://hz.lianjia.com/zufang/HZ2138861387793825792.html,2026-05-03 21:45:30,30.388509,120.240141
xingqiao,合租·星缦和润城 4居室 西卧,合租,星缦和润城 4居室 西卧,临平区-星桥-星缦和润城,30.00,,,,1300,43.3,,,https://hz.lianjia.com/zufang/HZ2139047548776611840.html,2026-05-03 21:45:30,30.40159,120.24952
xingqiao,合租·滨沁公寓 3居室 北卧,合租,滨沁公寓 3居室 北卧,临平区-星桥-滨沁公寓,70.00,,,,1900,27.1,,,https://hz.lianjia.com/zufang/HZ2138894268347973632.html,2026-05-03 21:45:30,30.40004,120.25084
xingqiao,合租·星缦和润城 4居室 南卧,合租,星缦和润城 4居室 南卧,临平区-星桥-星缦和润城,152.00,,,,7800,51.3,,,https://hz.lianjia.com/zufang/HZ2139189549555777536.html,2026-05-03 21:45:30,30.417947,120.243564
xingqiao,整租·融创融耀之城 3室2厅 南,整租,融创融耀之城,临平区-星桥-融创融耀之城,89.00,3室2厅,南,,3700,41.6,,,https://hz.lianjia.com/zufang/HZ2139226327809523712.html,2026-05-03 21:45:30,30.393086,120.242517
xingqiao,整租·苏荷苑 4室2厅 南,整租,苏荷苑,临平区-星桥-苏荷苑,136.37,4室2厅,南,,3500,25.7,,,https://hz.lianjia.com/zufang/HZ2139224069940183040.html,2026-05-03 21:45:30,30.393086,120.242517
xingqiao,合租·卓悦华庭（临平区） 3居室 南/北卧,合租,卓悦华庭（临平区） 3居室 南/北卧,临平区-星桥-卓悦华庭,60.00,,,,2800,46.7,,,https://hz.lianjia.com/zufang/HZ2139666222596227072.html,2026-05-03 21:45:30,30.40004,120.25084
xingqiao,整租·瑞金华丽嘉苑 3室2厅 西南,整租,瑞金华丽嘉苑,临平区-星桥-瑞金华丽嘉苑,92.00,3室2厅,西南,,3300,35.9,,,https://hz.lianjia.com/zufang/HZ2139959954163892224.html,2026-05-03 21:45:30,30.393086,120.242517
xingqiao,合租·锦上庭 4居室 南卧,合租,锦上庭 4居室 南卧,临平区-星桥-锦上庭,70.00,,,,1500,21.4,,,https://hz.lianjia.com/zufang/HZ2012888313270108160.html,2026-05-03 21:45:53,30.40478,120.269
xingqiao,整租·沁源公寓 3室2厅 南,整租,沁源公寓,临平区-星桥-沁源公寓,88.72,3室2厅,南,,1400,15.8,,,https://hz.lianjia.com/zufang/HZ2013829038056931328.html,2026-05-03 21:45:53,30.393086,120.242517
xingqiao,整租·天水苑 3室2厅 南/北,整租,天水苑,临平区-星桥-天水苑,130.00,3室2厅,南/北,,2980,22.9,,,https://hz.lianjia.com/zufang/HZ2126531741962207232.html,2026-05-03 21:45:53,30.38585,120.250517
xingqiao,整租·广厦天都城天风苑 8室2厅 南/北,整租,广厦天都城天风苑,临平区-星桥-广厦天都城天风苑,208.88,8室2厅,南/北,,4500,21.5,,,https://hz.lianjia.com/zufang/HZ2127341654368059392.html,2026-05-03 21:45:53,30.388509,120.240141
xingqiao,整租·星润大厦 2室1厅 东,整租,星润大厦,临平区-星桥-星润大厦,42.00,2室1厅,东,,2800,66.7,,,https://hz.lianjia.com/zufang/HZ2127337629996285952.html,2026-05-03 21:45:53,30.40054,120.25105
xingqiao,整租·广厦天都城天河苑 3室1厅 跃层 南/北,整租,广厦天都城天河苑,临平区-星桥-广厦天都城天河苑,81.29,3室1厅,,,1650,20.3,,,https://hz.lianjia.com/zufang/HZ2128419166137352192.html,2026-05-03 21:45:53,30.388509,120.240141
xingqiao,整租·广厦天都城温莎苑 3室2厅 南,整租,广厦天都城温莎苑,临平区-星桥-广厦天都城温莎苑,136.00,3室2厅,南,,4500,33.1,,,https://hz.lianjia.com/zufang/HZ2127723935159025664.html,2026-05-03 21:45:53,30.388509,120.240141
xingqiao,整租·星桥桂花城 3室2厅 南,整租,星桥桂花城,临平区-星桥-星桥桂花城,77.88,3室2厅,南,,1900,24.4,,,https://hz.lianjia.com/zufang/HZ2128696553865478144.html,2026-05-03 21:45:53,30.40054,120.25105
xingqiao,合租·星润大厦 3居室 南卧,合租,星润大厦 3居室 南卧,临平区-星桥-星润大厦,44.00,,,,1400,31.8,,,https://hz.lianjia.com/zufang/HZ2128420171428134912.html,2026-05-03 21:45:53,30.417947,120.243564
xingqiao,合租·卓悦华庭（临平区） 2居室 南卧,合租,卓悦华庭（临平区） 2居室 南卧,临平区-星桥-卓悦华庭,60.00,,,,2400,40.0,,,https://hz.lianjia.com/zufang/HZ2129108608158269440.html,2026-05-03 21:45:53,30.381907,120.158577
xingqiao,整租·太平永顺苑 2室1厅 南/北,整租,太平永顺苑,临平区-星桥-太平永顺苑,70.00,2室1厅,南/北,,2500,35.7,,,https://hz.lianjia.com/zufang/HZ2129773760826310656.html,2026-05-03 21:45:53,30.393086,120.242517
xingqiao,整租·广厦天都城天河苑 2室2厅 南,整租,广厦天都城天河苑,临平区-星桥-广厦天都城天河苑,95.00,2室2厅,南,,1500,15.8,,,https://hz.lianjia.com/zufang/HZ2129868558023262208.html,2026-05-03 21:45:53,30.388509,120.240141
xingqiao,合租·星润大厦 1居室 西北卧,合租,星润大厦 1居室 西北卧,临平区-星桥-星润大厦,40.00,,,,1350,33.8,,,https://hz.lianjia.com/zufang/HZ2130213118737907712.html,2026-05-03 21:45:53,30.40054,120.25105
xingqiao,合租·锦上庭 2居室 南卧,合租,锦上庭 2居室 南卧,临平区-星桥-锦上庭,65.00,,,,1500,23.1,,,https://hz.lianjia.com/zufang/HZ2129103447776034816.html,2026-05-03 21:45:53,30.40478,120.269
xingqiao,整租·杭颂星澜府 3室2厅 西南,整租,杭颂星澜府,临平区-星桥-杭颂星澜府,90.00,3室2厅,西南,,3700,41.1,,,https://hz.lianjia.com/zufang/HZ2129777359056797696.html,2026-05-03 21:45:53,30.393086,120.242517
xingqiao,整租·沁源公寓 4室1厅 南,整租,沁源公寓,临平区-星桥-沁源公寓,116.00,4室1厅,南,,2000,17.2,,,https://hz.lianjia.com/zufang/HZ2130200880161488896.html,2026-05-03 21:45:53,30.393086,120.242517
xingqiao,整租·星运丽园 3室2厅 南,整租,星运丽园,临平区-星桥-星运丽园,121.00,3室2厅,南,,2800,23.1,,,https://hz.lianjia.com/zufang/HZ2130595523860627456.html,2026-05-03 21:45:53,30.40054,120.25105
xingqiao,整租·广厦天都城爱尚公寓 3室2厅 南,整租,广厦天都城爱尚公寓,临平区-星桥-广厦天都城爱尚公寓,88.00,3室2厅,南,,2700,30.7,,,https://hz.lianjia.com/zufang/HZ2130928701490069504.html,2026-05-03 21:45:53,30.388509,120.240141
xingqiao,整租·广厦天都城天风苑 5室2厅 跃层 南,整租,广厦天都城天风苑,临平区-星桥-广厦天都城天风苑,205.21,5室2厅,,,3500,17.1,,,https://hz.lianjia.com/zufang/HZ2130607450565378048.html,2026-05-03 21:45:53,30.388509,120.240141
xingqiao,合租·太平家园 2居室 南卧,合租,太平家园 2居室 南卧,临平区-星桥-太平家园,65.00,,,,1900,29.2,,,https://hz.lianjia.com/zufang/HZ2131233134572732416.html,2026-05-03 21:45:53,30.40188,120.25483
xingqiao,整租·广厦天都城天星苑 3室1厅 南,整租,广厦天都城天星苑,临平区-星桥-广厦天都城天星苑,144.12,3室1厅,南,,3300,22.9,,,https://hz.lianjia.com/zufang/HZ2133799814209470464.html,2026-05-03 21:45:53,30.388509,120.240141
xingqiao,整租·星润大厦 1室1厅 南,整租,星润大厦,临平区-星桥-星润大厦,42.00,1室1厅,南,,1450,34.5,,,https://hz.lianjia.com/zufang/HZ2133816491169021952.html,2026-05-03 21:45:53,30.40054,120.25105
xingqiao,合租·星润大厦 1居室 南卧,合租,星润大厦 1居室 南卧,临平区-星桥-星润大厦,40.00,,,,1200,30.0,,,https://hz.lianjia.com/zufang/HZ2134487973796773888.html,2026-05-03 21:45:53,30.417947,120.243564
xingqiao,整租·星运丽园 3室2厅 南,整租,星运丽园,临平区-星桥-星运丽园,114.00,3室2厅,南,,2300,20.2,,,https://hz.lianjia.com/zufang/HZ2132433178088964096.html,2026-05-03 21:45:53,30.40054,120.25105
xingqiao,整租·沁源公寓 3室2厅 南,整租,沁源公寓,临平区-星桥-沁源公寓,89.00,3室2厅,南,,2600,29.2,,,https://hz.lianjia.com/zufang/HZ2154878815157878784.html,2026-05-03 21:46:07,30.393086,120.242517
xingqiao,整租·广厦天都城天风苑 3室2厅 南,整租,广厦天都城天风苑,临平区-星桥-广厦天都城天风苑,120.00,3室2厅,南,,2700,22.5,,,https://hz.lianjia.com/zufang/HZ2154887572722024448.html,2026-05-03 21:46:07,30.388509,120.240141
xingqiao,整租·融创融耀之城 3室2厅 东南,整租,融创融耀之城,临平区-星桥-融创融耀之城,102.00,3室2厅,东南,,4300,42.2,,,https://hz.lianjia.com/zufang/HZ2154913883343552512.html,2026-05-03 21:46:07,30.393086,120.242517
xingqiao,整租·汤家锦绣公寓二期 3室2厅 南,整租,汤家锦绣公寓二期,临平区-星桥-汤家锦绣公寓二期,160.00,3室2厅,南,,3000,18.8,,,https://hz.lianjia.com/zufang/HZ2155175217926766592.html,2026-05-03 21:46:07,30.403876,120.244725
xingqiao,整租·沁源公寓 4室1厅 东南,整租,沁源公寓,临平区-星桥-沁源公寓,115.00,4室1厅,东南,,3200,27.8,,,https://hz.lianjia.com/zufang/HZ2155126254469120000.html,2026-05-03 21:46:27,30.393086,120.242517
xingqiao,整租·广厦天都城天星苑 3室2厅 南/北,整租,广厦天都城天星苑,临平区-星桥-广厦天都城天星苑,121.14,3室2厅,南/北,,3000,24.8,,,https://hz.lianjia.com/zufang/HZ2155244395002068992.html,2026-05-03 21:46:27,30.388509,120.240141
xingqiao,整租·擎天半岛 3室2厅 南,整租,擎天半岛,临平区-星桥-擎天半岛,89.00,3室2厅,南,,2300,25.8,,,https://hz.lianjia.com/zufang/HZ2155253785218252800.html,2026-05-03 21:46:27,30.4024,120.265575
xingqiao,整租·广厦天都城天湖苑 3室2厅 南,整租,广厦天都城天湖苑,临平区-星桥-广厦天都城天湖苑,136.14,3室2厅,南,,3000,22.0,,,https://hz.lianjia.com/zufang/HZ2155269602311929856.html,2026-05-03 21:46:27,30.388509,120.240141
xingqiao,合租·瑞金华丽嘉苑 5居室 南卧,合租,瑞金华丽嘉苑 5居室 南卧,临平区-星桥-瑞金华丽嘉苑,30.00,,,,850,28.3,,,https://hz.lianjia.com/zufang/HZ2155221561307561984.html,2026-05-03 21:46:36,30.40188,120.25483
xingqiao,整租·桂花星座 2室2厅 南,整租,桂花星座,临平区-星桥-桂花星座,82.00,2室2厅,南,,2400,29.3,,,https://hz.lianjia.com/zufang/HZ2155519370808262656.html,2026-05-03 21:46:27,30.400218,120.262201
xingqiao,合租·枉山嘉苑一区 3居室 南卧,合租,枉山嘉苑一区 3居室 南卧,临平区-星桥-枉山嘉苑一区,80.00,,,,2200,27.5,,,https://hz.lianjia.com/zufang/HZ2155257382802817024.html,2026-05-03 21:46:27,30.417389,120.259482
xingqiao,整租·广厦天都城尚棠源筑 3室2厅 南,整租,广厦天都城尚棠源筑,临平区-星桥-广厦天都城尚棠源筑,89.00,3室2厅,南,,3000,33.7,,,https://hz.lianjia.com/zufang/HZ2155678383315353600.html,2026-05-03 21:46:27,30.388509,120.240141
xingqiao,整租·沁源公寓 3室2厅 南,整租,沁源公寓,临平区-星桥-沁源公寓,116.00,3室2厅,南,,2900,25.0,,,https://hz.lianjia.com/zufang/HZ2155968983038164992.html,2026-05-03 21:46:27,30.393086,120.242517
xingqiao,合租·广厦天都城天河苑 4居室 东/南卧,合租,广厦天都城天河苑 4居室 东/南卧,临平区-星桥-广厦天都城天河苑,30.00,,,,580,19.3,,,https://hz.lianjia.com/zufang/HZ2156247656366604288.html,2026-05-03 21:46:27,30.388509,120.240141
xingqiao,整租·滨沁公寓 3室2厅 东/南,整租,滨沁公寓,临平区-星桥-滨沁公寓,89.00,3室2厅,东/南,,2500,28.1,,,https://hz.lianjia.com/zufang/HZ2156294842722811904.html,2026-05-03 21:46:27,30.393086,120.242517
xingqiao,合租·广厦天都城尚棠源筑 3居室 南卧,合租,广厦天都城尚棠源筑 3居室 南卧,临平区-星桥-广厦天都城尚棠源筑,30.00,,,,1000,33.3,,,https://hz.lianjia.com/zufang/HZ2156339897839910912.html,2026-05-03 21:46:27,30.388509,120.240141
xingqiao,合租·广厦天都城尚棠源筑 3居室 南卧,合租,广厦天都城尚棠源筑 3居室 南卧,临平区-星桥-广厦天都城尚棠源筑,50.00,,,,1500,30.0,,,https://hz.lianjia.com/zufang/HZ2156340839800897536.html,2026-05-03 21:46:07,30.388509,120.240141
xingqiao,整租·广厦天都城天风苑 3室2厅 南,整租,广厦天都城天风苑,临平区-星桥-广厦天都城天风苑,108.00,3室2厅,南,,2340,21.7,,,https://hz.lianjia.com/zufang/HZ2156369917153116160.html,2026-05-03 21:46:07,30.388509,120.240141
xingqiao,整租·广厦天都城天河苑 1室1厅 南,整租,广厦天都城天河苑,临平区-星桥-广厦天都城天河苑,31.00,1室1厅,南,,1242,40.1,,,https://hz.lianjia.com/zufang/HZ2156372561431101440.html,2026-05-03 21:46:07,30.388509,120.240141
xingqiao,整租·广厦天都城天河苑 1室1厅 西,整租,广厦天都城天河苑,临平区-星桥-广厦天都城天河苑,26.00,1室1厅,西,,1200,46.2,,,https://hz.lianjia.com/zufang/HZ2156692543255871488.html,2026-05-03 21:46:36,30.388509,120.240141
xingqiao,整租·广厦天都城尚棠源筑 3室2厅 南,整租,广厦天都城尚棠源筑,临平区-星桥-广厦天都城尚棠源筑,89.00,3室2厅,南,,2700,30.3,,,https://hz.lianjia.com/zufang/HZ2156654702463287296.html,2026-05-03 21:46:36,30.388509,120.240141
xingqiao,整租·悦惺金座 2室1厅 南,整租,悦惺金座,临平区-星桥-悦惺金座,80.00,2室1厅,南,,2700,33.8,,,https://hz.lianjia.com/zufang/HZ2156690014879088640.html,2026-05-03 21:46:36,30.393086,120.242517
xingqiao,整租·美好桂花金座 2室2厅 南,整租,美好桂花金座,临平区-星桥-美好桂花金座,70.33,2室2厅,南,,2100,29.9,,,https://hz.lianjia.com/zufang/HZ2156700286079467520.html,2026-05-03 21:46:36,30.393086,120.242517
xingqiao,合租·枉山嘉苑二区 2居室 南卧,合租,枉山嘉苑二区 2居室 南卧,临平区-星桥-枉山嘉苑二区,80.00,,,,2200,27.5,,,https://hz.lianjia.com/zufang/HZ2156764841233088512.html,2026-05-03 21:46:36,30.417645,120.258684
xingqiao,合租·枉山嘉苑二区 2居室 北卧,合租,枉山嘉苑二区 2居室 北卧,临平区-星桥-枉山嘉苑二区,80.00,,,,2200,27.5,,,https://hz.lianjia.com/zufang/HZ2156764493063913472.html,2026-05-03 21:46:36,30.417645,120.258684
xingqiao,整租·五月花城 3室2厅 南,整租,五月花城,临平区-星桥-五月花城,88.00,3室2厅,南,,2350,26.7,,,https://hz.lianjia.com/zufang/HZ2150891028096221184.html,2026-05-03 21:46:11,30.393086,120.242517
xingqiao,整租·卓悦华庭（临平区） 3室2厅 南,整租,卓悦华庭（临平区）,临平区-星桥-卓悦华庭,89.00,3室2厅,南,,2000,22.5,,,https://hz.lianjia.com/zufang/HZ2150953885827596288.html,2026-05-03 21:46:11,30.393086,120.242517
xingqiao,合租·绿城紫桂公寓 5居室 南卧,合租,绿城紫桂公寓 5居室 南卧,临平区-星桥-绿城紫桂公寓,166.20,,,,650,3.9,,,https://hz.lianjia.com/zufang/HZ2150998106135592960.html,2026-05-03 21:46:11,30.40188,120.25483
xingqiao,整租·广厦天都城天河苑 1室1厅 南/北,整租,广厦天都城天河苑,临平区-星桥-广厦天都城天河苑,45.00,1室1厅,南/北,,1350,30.0,,,https://hz.lianjia.com/zufang/HZ2151175570254200832.html,2026-05-03 21:46:11,30.388509,120.240141
xingqiao,合租·星润大厦 2居室 南卧,合租,星润大厦 2居室 南卧,临平区-星桥-星润大厦,42.00,,,,1400,33.3,,,https://hz.lianjia.com/zufang/HZ2151235205422120960.html,2026-05-03 21:46:36,30.417947,120.243564
xingqiao,整租·月映星语园 3室2厅 南,整租,月映星语园,临平区-星桥-月映星语园,100.00,3室2厅,南,,4700,47.0,,,https://hz.lianjia.com/zufang/HZ2151262620571664384.html,2026-05-03 21:46:36,30.393086,120.242517
xingqiao,合租·星润大厦 2居室 南卧,合租,星润大厦 2居室 南卧,临平区-星桥-星润大厦,42.00,,,,1350,32.1,,,https://hz.lianjia.com/zufang/HZ2151262681477152768.html,2026-05-03 21:46:36,30.417947,120.243564
xingqiao,整租·太平永顺苑 2室1厅 南,整租,太平永顺苑,临平区-星桥-太平永顺苑,80.00,2室1厅,南,,2400,30.0,,,https://hz.lianjia.com/zufang/HZ2151527219598458880.html,2026-05-03 21:46:36,30.393086,120.242517
xingqiao,整租·星润大厦 1室1厅 南,整租,星润大厦,临平区-星桥-星润大厦,42.00,1室1厅,南,,1500,35.7,,,https://hz.lianjia.com/zufang/HZ2151535913857974272.html,2026-05-03 21:46:36,30.40054,120.25105
xingqiao,整租·广厦天都城天星苑 3室2厅 南,整租,广厦天都城天星苑,临平区-星桥-广厦天都城天星苑,85.00,3室2厅,南,,2500,29.4,,,https://hz.lianjia.com/zufang/HZ2151878159757213696.html,2026-05-03 21:46:11,30.388509,120.240141
xingqiao,整租·桐鹤名苑二区 2室1厅 北,整租,桐鹤名苑二区,临平区-星桥-桐鹤名苑二区,70.00,2室1厅,北,,1900,27.1,,,https://hz.lianjia.com/zufang/HZ2151629235213565952.html,2026-05-03 21:46:11,30.382427,120.25509
xingqiao,整租·广厦天都城天河苑 2室1厅 南/北,整租,广厦天都城天河苑,临平区-星桥-广厦天都城天河苑,55.18,2室1厅,南/北,,1800,32.6,,,https://hz.lianjia.com/zufang/HZ2152005346065907712.html,2026-05-03 21:46:11,30.388509,120.240141
xingqiao,整租·美好桂花金座 3室2厅 南,整租,美好桂花金座,临平区-星桥-美好桂花金座,135.00,3室2厅,南,,4800,35.6,,,https://hz.lianjia.com/zufang/HZ2151994756593352704.html,2026-05-03 21:46:11,30.393086,120.242517
xingqiao,整租·星润大厦 2室1厅 南,整租,星润大厦,临平区-星桥-星润大厦,68.00,2室1厅,南,,1900,27.9,,,https://hz.lianjia.com/zufang/HZ2152224466120212480.html,2026-05-03 21:46:11,30.40054,120.25105
xingqiao,整租·经纬美耀湾 3室2厅 南,整租,经纬美耀湾,临平区-星桥-经纬美耀湾,91.00,3室2厅,南,,3000,33.0,,,https://hz.lianjia.com/zufang/HZ2151990288673931264.html,2026-05-03 21:46:11,30.393086,120.242517
xingqiao,整租·苏荷苑 3室2厅 南,整租,苏荷苑,临平区-星桥-苏荷苑,136.00,3室2厅,南,,3500,25.7,,,https://hz.lianjia.com/zufang/HZ2152319115635720192.html,2026-05-03 21:46:11,30.393086,120.242517
xingqiao,整租·锦上庭 2室2厅 南,整租,锦上庭,临平区-星桥-锦上庭,166.00,2室2厅,南,,2900,17.5,,,https://hz.lianjia.com/zufang/HZ2152612235132796928.html,2026-05-03 21:46:11,30.40478,120.269
xingqiao,整租·太平永顺苑 2室1厅 南,整租,太平永顺苑,临平区-星桥-太平永顺苑,89.00,2室1厅,南,,2400,27.0,,,https://hz.lianjia.com/zufang/HZ2152657772380946432.html,2026-05-03 21:46:11,30.393086,120.242517
xingqiao,合租·苏荷苑 5居室 南卧,合租,苏荷苑 5居室 南卧,临平区-星桥-苏荷苑,30.00,,,,1300,43.3,,,https://hz.lianjia.com/zufang/HZ2152621929276637184.html,2026-05-03 21:46:11,30.40188,120.25483
xingqiao,合租·滨沁公寓 2居室 西北/北卧,合租,滨沁公寓 2居室 西北/北卧,临平区-星桥-滨沁公寓,60.00,,,,1800,30.0,,,https://hz.lianjia.com/zufang/HZ2152642246426492928.html,2026-05-03 21:46:11,30.40004,120.25084
xingqiao,整租·广厦天都城天河苑 1室0厅 西,整租,广厦天都城天河苑,临平区-星桥-广厦天都城天河苑,26.00,1室0厅,西,,1000,38.5,,,https://hz.lianjia.com/zufang/HZ2152725876729446400.html,2026-05-03 21:46:11,30.388509,120.240141
xingqiao,合租·绿城紫桂公寓 5居室 南卧,合租,绿城紫桂公寓 5居室 南卧,临平区-星桥-绿城紫桂公寓,20.00,,,,650,32.5,,,https://hz.lianjia.com/zufang/HZ2116782167110451200.html,2026-05-03 21:46:21,30.40188,120.25483
xingqiao,整租·绿城紫桂公寓 5室2厅 跃层 南,整租,绿城紫桂公寓,临平区-星桥-绿城紫桂公寓,164.12,5室2厅,,,2700,16.5,,,https://hz.lianjia.com/zufang/HZ2117210303316885504.html,2026-05-03 21:46:21,30.393086,120.242517
xingqiao,整租·苏荷苑 2室2厅 南,整租,苏荷苑,临平区-星桥-苏荷苑,89.00,2室2厅,南,,2500,28.1,,,https://hz.lianjia.com/zufang/HZ2117491311635333120.html,2026-05-03 21:46:21,30.393086,120.242517
xingqiao,合租·桐鹤名苑二区 4居室 西南卧,合租,桐鹤名苑二区 4居室 西南卧,临平区-星桥-桐鹤名苑二区,30.00,,,,1200,40.0,,,https://hz.lianjia.com/zufang/HZ2118591626065477632.html,2026-05-03 21:46:21,30.383479,120.255536
xingqiao,整租·擎天半岛 3室2厅 南,整租,擎天半岛,临平区-星桥-擎天半岛,90.00,3室2厅,南,,2400,26.7,,,https://hz.lianjia.com/zufang/HZ2106694889948315648.html,2026-05-03 21:46:15,30.4024,120.265575
xingqiao,合租·太平家园 5居室 南卧,合租,太平家园 5居室 南卧,临平区-星桥-太平家园,20.00,,,,1000,50.0,,,https://hz.lianjia.com/zufang/HZ2107766839005151232.html,2026-05-03 21:46:15,30.40188,120.25483
xingqiao,整租·学成府 3室2厅 南,整租,学成府,临平区-星桥-学成府,100.00,3室2厅,南,,1800,18.0,,,https://hz.lianjia.com/zufang/HZ2107678924493291520.html,2026-05-03 21:46:15,30.39775,120.25414
xingqiao,整租·广厦天都城天风苑 3室2厅 南,整租,广厦天都城天风苑,临平区-星桥-广厦天都城天风苑,122.65,3室2厅,南,,2400,19.6,,,https://hz.lianjia.com/zufang/HZ2106578185050128384.html,2026-05-03 21:46:15,30.388509,120.240141
xingqiao,合租·太平家园 5居室 南卧,合租,太平家园 5居室 南卧,临平区-星桥-太平家园,20.00,,,,1000,50.0,,,https://hz.lianjia.com/zufang/HZ2107765551353823232.html,2026-05-03 21:46:15,30.40188,120.25483
xingqiao,整租·滨沁公寓 6室2厅 南/北,整租,滨沁公寓,临平区-星桥-滨沁公寓,177.00,6室2厅,南/北,,3000,16.9,,,https://hz.lianjia.com/zufang/HZ2107429431327850496.html,2026-05-03 21:46:15,30.393086,120.242517
xingqiao,整租·月映星语园 3室2厅 南,整租,月映星语园,临平区-星桥-月映星语园,113.00,3室2厅,南,,4300,38.1,,,https://hz.lianjia.com/zufang/HZ2108140818110873600.html,2026-05-03 21:46:15,30.393086,120.242517
xingqiao,合租·枉山嘉苑一区 2居室 南/东北卧,合租,枉山嘉苑一区 2居室 南/东北卧,临平区-星桥-枉山嘉苑一区,80.00,,,,1800,22.5,,,https://hz.lianjia.com/zufang/HZ2108522175068635136.html,2026-05-03 21:46:15,30.417389,120.259482
xingqiao,整租·湖印宸山庄 4室2厅 南,整租,湖印宸山庄,临平区-星桥-湖印宸山庄,220.00,4室2厅,南,,27500,125.0,,,https://hz.lianjia.com/zufang/HZ2109205884021243904.html,2026-05-03 21:46:15,30.39403,120.235907
xingqiao,整租·星运丽园 2室2厅 南,整租,星运丽园,临平区-星桥-星运丽园,86.00,2室2厅,南,,2400,27.9,,,https://hz.lianjia.com/zufang/HZ2109246928444194816.html,2026-05-03 21:46:15,30.40054,120.25105
xingqiao,整租·融创融耀之城 3室2厅 南,整租,融创融耀之城,临平区-星桥-融创融耀之城,105.36,3室2厅,南,,4100,38.9,,,https://hz.lianjia.com/zufang/HZ2109860597561556992.html,2026-05-03 21:46:15,30.393086,120.242517
xingqiao,整租·星琮宋韵里 3室2厅 南,整租,星琮宋韵里,临平区-星桥-星琮宋韵里,140.00,3室2厅,南,,2700,19.3,,,https://hz.lianjia.com/zufang/HZ2110346985218244608.html,2026-05-03 21:46:15,30.40054,120.25105
xingqiao,整租·星润大厦 2室2厅 跃层 西,整租,星润大厦,临平区-星桥-星润大厦,58.58,2室2厅,,,1800,30.7,,,https://hz.lianjia.com/zufang/HZ2110581334853287936.html,2026-05-03 21:46:15,30.40054,120.25105
xingqiao,合租·广厦爱丽山庄 4居室 南/西南卧,合租,广厦爱丽山庄 4居室 南/西南卧,临平区-星桥-广厦爱丽山庄,130.00,,,,5000,38.5,,,https://hz.lianjia.com/zufang/HZ2109563824825696256.html,2026-05-03 21:46:15,30.389582,120.236602
xingqiao,整租·星润大厦 1室1厅 跃层 南,整租,星润大厦,临平区-星桥-星润大厦,42.00,1室1厅,,,1500,35.7,,,https://hz.lianjia.com/zufang/HZ2109963842296479744.html,2026-05-03 21:46:15,30.40054,120.25105
xingqiao,合租·桐鹤名苑二区 2居室 南卧,合租,桐鹤名苑二区 2居室 南卧,临平区-星桥-桐鹤名苑二区,20.00,,,,1300,65.0,,,https://hz.lianjia.com/zufang/HZ2110761669457084416.html,2026-05-03 21:46:15,30.382833,120.255543
xingqiao,整租·广厦天都城爱尚公寓 3室2厅 南,整租,广厦天都城爱尚公寓,临平区-星桥-广厦天都城爱尚公寓,94.00,3室2厅,南,,3000,31.9,,,https://hz.lianjia.com/zufang/HZ2111106904116690944.html,2026-05-03 21:46:15,30.388509,120.240141
xingqiao,合租·瑞金华丽嘉苑 3居室 南卧,合租,瑞金华丽嘉苑 3居室 南卧,临平区-星桥-瑞金华丽嘉苑,20.00,,,,950,47.5,,,https://hz.lianjia.com/zufang/HZ2111414759965327360.html,2026-05-03 21:46:15,30.40188,120.25483
xingqiao,合租·瑞金华丽嘉苑 3居室 南卧,合租,瑞金华丽嘉苑 3居室 南卧,临平区-星桥-瑞金华丽嘉苑,30.00,,,,950,31.7,,,https://hz.lianjia.com/zufang/HZ2111398737925373952.html,2026-05-03 21:46:15,30.40188,120.25483
xingqiao,合租·瑞金华丽嘉苑 3居室 南卧,合租,瑞金华丽嘉苑 3居室 南卧,临平区-星桥-瑞金华丽嘉苑,20.00,,,,700,35.0,,,https://hz.lianjia.com/zufang/HZ2111415929186287616.html,2026-05-03 21:46:15,30.40188,120.25483
xingqiao,整租·星运丽园 3室2厅 南,整租,星运丽园,临平区-星桥-星运丽园,89.00,3室2厅,南,,1500,16.9,,,https://hz.lianjia.com/zufang/HZ2111767678640193536.html,2026-05-03 21:46:15,30.40054,120.25105
xingqiao,整租·广厦天都城天星苑 3室2厅 南,整租,广厦天都城天星苑,临平区-星桥-广厦天都城天星苑,121.00,3室2厅,南,,2000,16.5,,,https://hz.lianjia.com/zufang/HZ2112063991508369408.html,2026-05-03 21:46:15,30.388509,120.240141
xingqiao,整租·黄鹤山居 3室2厅 东南,整租,黄鹤山居,临平区-星桥-黄鹤山居,150.00,3室2厅,东南,,2800,18.7,,,https://hz.lianjia.com/zufang/HZ2112736906566434816.html,2026-05-03 21:46:15,30.393086,120.242517
xingqiao,合租·锦上庭 3居室 南卧,合租,锦上庭 3居室 南卧,临平区-星桥-锦上庭,30.00,,,,1800,60.0,,,https://hz.lianjia.com/zufang/HZ2112525722063994880.html,2026-05-03 21:46:15,30.40478,120.269
xingqiao,整租·广厦天都城天星苑 3室2厅 南,整租,广厦天都城天星苑,临平区-星桥-广厦天都城天星苑,132.12,3室2厅,南,,1700,12.9,,,https://hz.lianjia.com/zufang/HZ2111798012744302592.html,2026-05-03 21:46:15,30.388509,120.240141
xingqiao,整租·太平永顺苑 2室1厅 南,整租,太平永顺苑,临平区-星桥-太平永顺苑,80.00,2室1厅,南,,2600,32.5,,,https://hz.lianjia.com/zufang/HZ2112431379986776064.html,2026-05-03 21:46:15,30.393086,120.242517
xingqiao,合租·擎天半岛 5居室 南卧,合租,擎天半岛 5居室 南卧,临平区-星桥-擎天半岛,15.00,,,,1300,86.7,,,https://hz.lianjia.com/zufang/HZ2112763093267251200.html,2026-05-03 21:46:15,30.400778,120.267502
xingqiao,合租·太平永顺苑 3居室 南卧,合租,太平永顺苑 3居室 南卧,临平区-星桥-太平永顺苑,30.00,,,,1100,36.7,,,https://hz.lianjia.com/zufang/HZ2112808496259923968.html,2026-05-03 21:46:15,30.40188,120.25483
xingqiao,整租·广厦天都城天湖苑 3室2厅 南,整租,广厦天都城天湖苑,临平区-星桥-广厦天都城天湖苑,138.00,3室2厅,南,,2300,16.7,,,https://hz.lianjia.com/zufang/HZ2113254173091823616.html,2026-05-03 21:46:21,30.388509,120.240141
xingqiao,整租·学成府 3室2厅 南,整租,学成府,临平区-星桥-学成府,100.74,3室2厅,南,,1500,14.9,,,https://hz.lianjia.com/zufang/HZ2113829429577777152.html,2026-05-03 21:46:21,30.39775,120.25414
xingqiao,整租·通和十二橡树 5室3厅 跃层 南,整租,通和十二橡树,临平区-星桥-通和十二橡树,211.90,5室3厅,,,4800,22.7,,,https://hz.lianjia.com/zufang/HZ2115309491858702336.html,2026-05-03 21:46:21,30.393086,120.242517
xingqiao,整租·嘉和银领时代 3室2厅 南,整租,嘉和银领时代,临平区-星桥-嘉和银领时代,87.00,3室2厅,南,,2400,27.6,,,https://hz.lianjia.com/zufang/HZ2115031868549103616.html,2026-05-03 21:46:21,30.393086,120.242517
xingqiao,整租·湖印宸山庄 7室4厅 跃层 南,整租,湖印宸山庄,临平区-星桥-湖印宸山庄,220.44,7室4厅,,,15000,68.0,,,https://hz.lianjia.com/zufang/HZ2115063152717594624.html,2026-05-03 21:46:21,30.39403,120.235907
xingqiao,整租·绿城紫桂公寓 2室1厅 南,整租,绿城紫桂公寓,临平区-星桥-绿城紫桂公寓,80.00,2室1厅,南,,1700,21.2,,,https://hz.lianjia.com/zufang/HZ2115999355587526656.html,2026-05-03 21:46:21,30.393086,120.242517
xingqiao,整租·广厦天都城天河苑 2室1厅 东,整租,广厦天都城天河苑,临平区-星桥-广厦天都城天河苑,55.00,2室1厅,东,,1800,32.7,,,https://hz.lianjia.com/zufang/HZ2116012294918897664.html,2026-05-03 21:46:21,30.388509,120.240141
xingqiao,合租·通和十二橡树 5居室 南卧,合租,通和十二橡树 5居室 南卧,临平区-星桥-通和十二橡树,26.00,,,,800,30.8,,,https://hz.lianjia.com/zufang/HZ2116817479857602560.html,2026-05-03 21:46:21,30.40188,120.25483
xingqiao,整租·绿城紫桂公寓 3室2厅 南,整租,绿城紫桂公寓,临平区-星桥-绿城紫桂公寓,85.00,3室2厅,南,,1800,21.2,,,https://hz.lianjia.com/zufang/HZ2119425320040792064.html,2026-05-03 21:46:21,30.393086,120.242517
xingqiao,整租·星润大厦 2室1厅 东北,整租,星润大厦,临平区-星桥-星润大厦,40.00,2室1厅,东北,,2000,50.0,,,https://hz.lianjia.com/zufang/HZ2119475143590805504.html,2026-05-03 21:46:21,30.40054,120.25105
xingqiao,整租·经纬美耀湾 4室3厅 跃层 南,整租,经纬美耀湾,临平区-星桥-经纬美耀湾,246.00,4室3厅,,,6000,24.4,,,https://hz.lianjia.com/zufang/HZ2118917223593541632.html,2026-05-03 21:46:21,30.393086,120.242517
xingqiao,合租·五月花城 5居室 北卧,合租,五月花城 5居室 北卧,临平区-星桥-五月花城,20.00,,,,1100,55.0,,,https://hz.lianjia.com/zufang/HZ2119741633963491328.html,2026-05-03 21:46:21,30.40004,120.25084
xingqiao,整租·广厦天都城天河苑 1室1厅 东/西,整租,广厦天都城天河苑,临平区-星桥-广厦天都城天河苑,56.00,1室1厅,东/西,,2000,35.7,,,https://hz.lianjia.com/zufang/HZ2119986297031360512.html,2026-05-03 21:46:21,30.388509,120.240141
xingqiao,合租·太平家园 2居室 南卧,合租,太平家园 2居室 南卧,临平区-星桥-太平家园,30.00,,,,1250,41.7,,,https://hz.lianjia.com/zufang/HZ2120121795599138816.html,2026-05-03 21:46:21,30.40188,120.25483
xingqiao,整租·通和十二橡树 5室2厅 南,整租,通和十二橡树,临平区-星桥-通和十二橡树,211.70,5室2厅,南,,4500,21.3,,,https://hz.lianjia.com/zufang/HZ2120078661083201536.html,2026-05-03 21:46:21,30.393086,120.242517
xingqiao,合租·卓悦华庭（临平区） 2居室 北卧,合租,卓悦华庭（临平区） 2居室 北卧,临平区-星桥-卓悦华庭,45.00,,,,1500,33.3,,,https://hz.lianjia.com/zufang/HZ2120718423678779392.html,2026-05-03 21:46:21,30.40004,120.25084
xingqiao,整租·枫桥庭 2室1厅 南,整租,枫桥庭,临平区-星桥-枫桥庭,60.00,2室1厅,南,,2400,40.0,,,https://hz.lianjia.com/zufang/HZ2120506631224557568.html,2026-05-03 21:46:21,30.393086,120.242517
xingqiao,整租·星润大厦 1室1厅 南,整租,星润大厦,临平区-星桥-星润大厦,42.00,1室1厅,南,,1305,31.1,,,https://hz.lianjia.com/zufang/HZ2121611383433854976.html,2026-05-03 21:46:21,30.40054,120.25105
xingqiao,合租·广厦天都城爱尚公寓 2居室 北卧,合租,广厦天都城爱尚公寓 2居室 北卧,临平区-星桥-广厦天都城爱尚公寓,65.00,,,,1700,26.2,,,https://hz.lianjia.com/zufang/HZ2121836805836767232.html,2026-05-03 21:46:21,30.388509,120.240141
xingqiao,整租·月映星语园 3室2厅 南,整租,月映星语园,临平区-星桥-月映星语园,106.00,3室2厅,南,,4300,40.6,,,https://hz.lianjia.com/zufang/HZ2159271401729556480.html,2026-05-03 21:47:36,30.393086,120.242517
xingqiao,合租·锦上庭 1居室 南卧,合租,锦上庭 1居室 南卧,临平区-星桥-锦上庭,50.00,,,,1200,24.0,,,https://hz.lianjia.com/zufang/HZ2159519373180534784.html,2026-05-03 21:47:36,30.40478,120.269
xingqiao,整租·擎天半岛 5室2厅 东/南/北,整租,擎天半岛,临平区-星桥-擎天半岛,164.00,5室2厅,东/南/北,,4100,25.0,,,https://hz.lianjia.com/zufang/HZ2159520335685222400.html,2026-05-03 21:48:58,30.4024,120.265575
xingqiao,整租·擎天半岛 4室2厅 南/西/北,整租,擎天半岛,临平区-星桥-擎天半岛,123.23,4室2厅,南/西/北,,3500,28.4,,,https://hz.lianjia.com/zufang/HZ2159292792046616576.html,2026-05-03 21:46:27,30.4024,120.265575
xingqiao,合租·汤家锦绣公寓三区 2居室 北卧,合租,汤家锦绣公寓三区 2居室 北卧,临平区-星桥-汤家锦绣公寓三区,75.00,,,,1800,24.0,,,https://hz.lianjia.com/zufang/HZ2159508519638794240.html,2026-05-03 21:46:27,30.408085,120.240484
xingqiao,合租·广厦天都城尚棠源筑 3居室 南卧,合租,广厦天都城尚棠源筑 3居室 南卧,临平区-星桥-广厦天都城尚棠源筑,45.00,,,,1400,31.1,,,https://hz.lianjia.com/zufang/HZ2159512086936289280.html,2026-05-03 21:46:27,30.388509,120.240141
xingqiao,整租·星润大厦 2室1厅 跃层 南,整租,星润大厦,临平区-星桥-星润大厦,42.00,2室1厅,,,2200,52.4,,,https://hz.lianjia.com/zufang/HZ2159280973261307904.html,2026-05-03 21:46:27,30.40054,120.25105
xingqiao,合租·锦上庭 7居室 南卧,合租,锦上庭 7居室 南卧,临平区-星桥-锦上庭,30.00,,,,1700,56.7,,,https://hz.lianjia.com/zufang/HZ2159860322150645760.html,2026-05-03 21:46:27,30.40478,120.269
xingqiao,整租·桐鹤名苑一区 2室1厅 北,整租,桐鹤名苑一区,临平区-星桥-桐鹤名苑一区,75.00,2室1厅,北,,1800,24.0,,,https://hz.lianjia.com/zufang/HZ2159875467618811904.html,2026-05-03 21:46:27,30.38485,120.25702
xingqiao,整租·七彩星商业中心 1室0厅 南,整租,七彩星商业中心,临平区-星桥-七彩星商业中心,48.00,1室0厅,南,,1800,37.5,,,https://hz.lianjia.com/zufang/HZ2160248020879278080.html,2026-05-03 21:47:36,30.393086,120.242517
xingqiao,合租·锦上庭 7居室 南卧,合租,锦上庭 7居室 南卧,临平区-星桥-锦上庭,25.00,,,,950,38.0,,,https://hz.lianjia.com/zufang/HZ2160675925807595520.html,2026-05-03 21:46:27,30.40478,120.269
xingqiao,整租·星运丽园 2室1厅 南,整租,星运丽园,临平区-星桥-星运丽园,89.00,2室1厅,南,,2400,27.0,,,https://hz.lianjia.com/zufang/HZ2160965103585853440.html,2026-05-03 21:48:58,30.40054,120.25105
xingqiao,整租·学成府 5室2厅 跃层 南,整租,学成府,临平区-星桥-学成府,166.72,5室2厅,,,4500,27.0,,,https://hz.lianjia.com/zufang/HZ2161044812923404288.html,2026-05-03 21:48:58,30.39775,120.25414
xingqiao,整租·太平永顺苑 3室2厅 南,整租,太平永顺苑,临平区-星桥-太平永顺苑,120.00,3室2厅,南,,3500,29.2,,,https://hz.lianjia.com/zufang/HZ2155896680329773056.html,2026-05-03 21:48:58,30.393086,120.242517
xingqiao,合租·汤家锦绣公寓三区 2居室 南卧,合租,汤家锦绣公寓三区 2居室 南卧,临平区-星桥-汤家锦绣公寓三区,65.00,,,,1600,24.6,,,https://hz.lianjia.com/zufang/HZ2155928505244712960.html,2026-05-03 21:48:58,30.408085,120.240484
xingqiao,整租·太平家园 2室1厅 南,整租,太平家园,临平区-星桥-太平家园,120.00,2室1厅,南,,2600,21.7,,,https://hz.lianjia.com/zufang/HZ2155868129740193792.html,2026-05-03 21:48:58,30.393086,120.242517
xingqiao,合租·悦恺公寓 5居室 南卧,合租,悦恺公寓 5居室 南卧,临平区-星桥-悦恺公寓,30.00,,,,880,29.3,,,https://hz.lianjia.com/zufang/HZ1888562157868548096.html,2026-05-03 21:46:32,30.40188,120.25483
xingqiao,整租·桐鹤名苑二区 2室2厅 南,整租,桐鹤名苑二区,临平区-星桥-桐鹤名苑二区,80.00,2室2厅,南,,2100,26.2,,,https://hz.lianjia.com/zufang/HZ2160284907702583296.html,2026-05-03 21:48:42,30.382427,120.25509
xingqiao,整租·汤家锦绣公寓三区 3室1厅 南,整租,汤家锦绣公寓三区,临平区-星桥-汤家锦绣公寓三区,80.00,3室1厅,南,,1800,22.5,,,https://hz.lianjia.com/zufang/HZ2099443999050825728.html,2026-05-03 21:46:32,30.407467,120.240677
xingqiao,合租·卓悦华庭（临平区） 1居室 西卧,合租,卓悦华庭（临平区） 1居室 西卧,临平区-星桥-卓悦华庭,55.00,,,,2000,36.4,,,https://hz.lianjia.com/zufang/HZ2158932692912046080.html,2026-05-03 21:47:22,30.39681,120.24984
xingqiao,整租·天水苑 3室2厅 南,整租,天水苑,临平区-星桥-天水苑,128.00,3室2厅,南,,3200,25.0,,,https://hz.lianjia.com/zufang/HZ2157369921737064448.html,2026-05-03 21:46:36,30.38585,120.250517
xingqiao,整租·广厦天都城蓝调苑 3室1厅 南,整租,广厦天都城蓝调苑,临平区-星桥-广厦天都城蓝调苑,88.00,3室1厅,南,,3000,34.1,,,https://hz.lianjia.com/zufang/HZ2157421478809698304.html,2026-05-03 21:46:36,30.388509,120.240141
xingqiao,整租·经纬美耀湾 3室2厅 南,整租,经纬美耀湾,临平区-星桥-经纬美耀湾,92.00,3室2厅,南,,3000,32.6,,,https://hz.lianjia.com/zufang/HZ2157694332415508480.html,2026-05-03 21:46:36,30.393086,120.242517
xingqiao,整租·五月花城 3室2厅 南,整租,五月花城,临平区-星桥-五月花城,142.46,3室2厅,南,,3000,21.1,,,https://hz.lianjia.com/zufang/HZ2157698834594004992.html,2026-05-03 21:46:36,30.393086,120.242517
xingqiao,整租·滨沁公寓 3室2厅 南,整租,滨沁公寓,临平区-星桥-滨沁公寓,88.48,3室2厅,南,,2600,29.4,,,https://hz.lianjia.com/zufang/HZ2157762883490938880.html,2026-05-03 21:46:32,30.393086,120.242517
xingqiao,整租·桐鹤名苑三区 1室1厅 南,整租,桐鹤名苑三区,临平区-星桥-桐鹤名苑三区,41.00,1室1厅,南,,1600,39.0,,,https://hz.lianjia.com/zufang/HZ2157788731593981952.html,2026-05-03 21:48:58,30.381966,120.253407
xingqiao,合租·星琮宋韵里 4居室 南卧,合租,星琮宋韵里 4居室 南卧,临平区-星桥-星琮宋韵里,70.00,,,,2600,37.1,,,https://hz.lianjia.com/zufang/HZ2157716340738097152.html,2026-05-03 21:46:32,30.417947,120.243564
xingqiao,合租·星琮宋韵里 4居室 东北卧,合租,星琮宋韵里 4居室 东北卧,临平区-星桥-星琮宋韵里,50.00,,,,2000,40.0,,,https://hz.lianjia.com/zufang/HZ2157716721576706048.html,2026-05-03 21:46:32,30.40054,120.25105
xingqiao,整租·卓悦华庭（临平区） 3室2厅 南/西,整租,卓悦华庭（临平区）,临平区-星桥-卓悦华庭,88.00,3室2厅,南/西,,3300,37.5,,,https://hz.lianjia.com/zufang/HZ2158050413432012800.html,2026-05-03 21:48:58,30.393086,120.242517
xingqiao,整租·星桥桂花城 3室2厅 南,整租,星桥桂花城,临平区-星桥-星桥桂花城,133.00,3室2厅,南,,3500,26.3,,,https://hz.lianjia.com/zufang/HZ2158067581066412032.html,2026-05-03 21:46:32,30.40054,120.25105
xingqiao,整租·擎天半岛 3室2厅 南,整租,擎天半岛,临平区-星桥-擎天半岛,89.00,3室2厅,南,,2800,31.5,,,https://hz.lianjia.com/zufang/HZ2158072764517318656.html,2026-05-03 21:46:32,30.4024,120.265575
xingqiao,合租·汤家锦绣公寓三区 2居室 西/西北卧,合租,汤家锦绣公寓三区 2居室 西/西北卧,临平区-星桥-汤家锦绣公寓三区,70.00,,,,1750,25.0,,,https://hz.lianjia.com/zufang/HZ2158115278905409536.html,2026-05-03 21:48:58,30.408085,120.240484
xingqiao,整租·广厦天都城紫韵公寓 1室1厅 南,整租,广厦天都城紫韵公寓,临平区-星桥-广厦天都城紫韵公寓,62.00,1室1厅,南,,2200,35.5,,,https://hz.lianjia.com/zufang/HZ2158144918139174912.html,2026-05-03 21:46:32,30.388509,120.240141
xingqiao,整租·桐鹤名苑三区 2室1厅 南,整租,桐鹤名苑三区,临平区-星桥-桐鹤名苑三区,80.00,2室1厅,南,,2400,30.0,,,https://hz.lianjia.com/zufang/HZ2158172813075152896.html,2026-05-03 21:46:32,30.381966,120.253407
xingqiao,整租·沁源公寓 3室2厅 南,整租,沁源公寓,临平区-星桥-沁源公寓,89.00,3室2厅,南,,2000,22.5,,,https://hz.lianjia.com/zufang/HZ2158145705305178112.html,2026-05-03 21:47:36,30.393086,120.242517
xingqiao,整租·金辉蓝光辉逸云筑 3室2厅 南,整租,金辉蓝光辉逸云筑,临平区-星桥-金辉蓝光辉逸云筑,89.00,3室2厅,南,,3400,38.2,,,https://hz.lianjia.com/zufang/HZ2160738654274715648.html,2026-05-03 21:46:36,30.393086,120.242517
xingqiao,整租·星运丽园 1室1厅 南,整租,星运丽园,临平区-星桥-星运丽园,50.64,1室1厅,南,,1700,33.6,,,https://hz.lianjia.com/zufang/HZ2160951813690359808.html,2026-05-03 21:46:36,30.40054,120.25105
xingqiao,整租·星运丽园 2室1厅 南,整租,星运丽园,临平区-星桥-星运丽园,88.00,2室1厅,南,,2700,30.7,,,https://hz.lianjia.com/zufang/HZ2161018365697589248.html,2026-05-03 21:48:58,30.40054,120.25105
xingqiao,整租·金辉蓝光辉逸云筑 3室1厅 南,整租,金辉蓝光辉逸云筑,临平区-星桥-金辉蓝光辉逸云筑,89.00,3室1厅,南,,3200,36.0,,,https://hz.lianjia.com/zufang/HZ2161043829438808064.html,2026-05-03 21:47:36,30.393086,120.242517
xingqiao,整租·枫桥庭 2室2厅 南,整租,枫桥庭,临平区-星桥-枫桥庭,80.00,2室2厅,南,,1600,20.0,,,https://hz.lianjia.com/zufang/HZ2157071760611082240.html,2026-05-03 21:48:58,30.393086,120.242517
xingqiao,整租·瑞金华庭嘉苑 3室2厅 南,整租,瑞金华庭嘉苑,临平区-星桥-瑞金华庭嘉苑,136.00,3室2厅,南,,3200,23.5,,,https://hz.lianjia.com/zufang/HZ2157407905291173888.html,2026-05-03 21:46:36,30.393086,120.242517
xingqiao,整租·美好桂花金座 3室2厅 南,整租,美好桂花金座,临平区-星桥-美好桂花金座,128.00,3室2厅,南,,2600,20.3,,,https://hz.lianjia.com/zufang/HZ2151689600437846016.html,2026-05-03 21:47:47,30.393086,120.242517
xingqiao,整租·广厦天都城天河苑 2室1厅 南,整租,广厦天都城天河苑,临平区-星桥-广厦天都城天河苑,55.00,2室1厅,南,,1600,29.1,,,https://hz.lianjia.com/zufang/HZ2151944079041101824.html,2026-05-03 21:47:47,30.388509,120.240141
xingqiao,整租·广厦天都城蓝调苑 2室2厅 南,整租,广厦天都城蓝调苑,临平区-星桥-广厦天都城蓝调苑,89.00,2室2厅,南,,3000,33.7,,,https://hz.lianjia.com/zufang/HZ2152710313177251840.html,2026-05-03 21:47:47,30.388509,120.240141
xingqiao,整租·五月花城 3室2厅 南,整租,五月花城,临平区-星桥-五月花城,120.00,3室2厅,南,,3300,27.5,,,https://hz.lianjia.com/zufang/HZ2152699712665288704.html,2026-05-03 21:47:47,30.393086,120.242517
xingqiao,整租·沁源公寓 3室2厅 南,整租,沁源公寓,临平区-星桥-沁源公寓,89.00,3室2厅,南,,2500,28.1,,,https://hz.lianjia.com/zufang/HZ2125939119648407552.html,2026-05-03 21:47:22,30.393086,120.242517
xingqiao,整租·黄鹤山居 3室2厅 南,整租,黄鹤山居,临平区-星桥-黄鹤山居,120.00,3室2厅,南,,2800,23.3,,,https://hz.lianjia.com/zufang/HZ2137740197792579584.html,2026-05-03 21:47:22,30.393086,120.242517
xingqiao,整租·沁源公寓 4室2厅 南/北,整租,沁源公寓,临平区-星桥-沁源公寓,116.00,4室2厅,南/北,,2100,18.1,,,https://hz.lianjia.com/zufang/HZ1689920052272300032.html,2026-05-03 21:47:22,30.393086,120.242517
xingqiao,整租·广厦天都城天泉苑 3室2厅 南,整租,广厦天都城天泉苑,临平区-星桥-广厦天都城天泉苑,120.00,3室2厅,南,,2200,18.3,,,https://hz.lianjia.com/zufang/HZ2035587251806666752.html,2026-05-03 21:48:42,30.388509,120.240141
xingqiao,整租·学成府 3室2厅 南,整租,学成府,临平区-星桥-学成府,110.60,3室2厅,南,,2300,20.8,,,https://hz.lianjia.com/zufang/HZ1957350512290430976.html,2026-05-03 21:48:42,30.39775,120.25414
xingqiao,整租·卓悦华庭（临平区） 4室2厅 南,整租,卓悦华庭（临平区）,临平区-星桥-卓悦华庭,118.00,4室2厅,南,,3300,28.0,,,https://hz.lianjia.com/zufang/HZ2130620903111786496.html,2026-05-03 21:48:42,30.393086,120.242517
xingqiao,整租·学成府 3室2厅 南/北,整租,学成府,临平区-星桥-学成府,100.74,3室2厅,南/北,,2000,19.9,,,https://hz.lianjia.com/zufang/HZ2153401313721843712.html,2026-05-03 21:48:42,30.39775,120.25414
xingqiao,整租·惠都家园 2室1厅 南,整租,惠都家园,临平区-星桥-惠都家园,68.00,2室1厅,南,,2000,29.4,,,https://hz.lianjia.com/zufang/HZ1852236074726719488.html,2026-05-03 21:48:42,30.398126,120.264496
xingqiao,整租·星桥桂花城 4室2厅 南,整租,星桥桂花城,临平区-星桥-星桥桂花城,166.00,4室2厅,南,,5000,30.1,,,https://hz.lianjia.com/zufang/HZ2025804300801802240.html,2026-05-03 21:48:42,30.40054,120.25105
xingqiao,整租·桂花星座 2室1厅 南,整租,桂花星座,临平区-星桥-桂花星座,64.00,2室1厅,南,,2500,39.1,,,https://hz.lianjia.com/zufang/HZ2125837807233531904.html,2026-05-03 21:48:42,30.400218,120.262201
xingqiao,整租·广厦天都城天泉苑 3室2厅 南/北,整租,广厦天都城天泉苑,临平区-星桥-广厦天都城天泉苑,118.00,3室2厅,南/北,,3200,27.1,,,https://hz.lianjia.com/zufang/HZ2122645421212827648.html,2026-05-03 21:48:42,30.388509,120.240141
xingqiao,整租·广厦天都城天河苑 1室1厅 东南,整租,广厦天都城天河苑,临平区-星桥-广厦天都城天河苑,25.96,1室1厅,东南,,1400,53.9,,,https://hz.lianjia.com/zufang/HZ2160349285814632448.html,2026-05-03 21:48:42,30.388509,120.240141
xingqiao,整租·悦恺公寓 4室2厅 南,整租,悦恺公寓,临平区-星桥-悦恺公寓,160.00,4室2厅,南,,2500,15.6,,,https://hz.lianjia.com/zufang/HZ2019282988537217024.html,2026-05-03 21:48:00,30.393086,120.242517
xingqiao,整租·卓悦华庭（临平区） 4室2厅 南,整租,卓悦华庭（临平区）,临平区-星桥-卓悦华庭,118.00,4室2厅,南,,4300,36.4,,,https://hz.lianjia.com/zufang/HZ2148699775988400128.html,2026-05-03 21:48:00,30.393086,120.242517
xingqiao,整租·广厦天都城天泉苑 2室1厅 南,整租,广厦天都城天泉苑,临平区-星桥-广厦天都城天泉苑,89.00,2室1厅,南,,2500,28.1,,,https://hz.lianjia.com/zufang/HZ2059970049187250176.html,2026-05-03 21:48:00,30.388509,120.240141
xingqiao,整租·广厦天都城爵士花园 3室2厅 南,整租,广厦天都城爵士花园,临平区-星桥-广厦天都城爵士花园,122.00,3室2厅,南,,2600,21.3,,,https://hz.lianjia.com/zufang/HZ2161683249988894720.html,2026-05-03 21:48:32,30.388509,120.240141
xingqiao,整租·湖印宸山庄 4室2厅 南,整租,湖印宸山庄,临平区-星桥-湖印宸山庄,158.39,4室2厅,南,,6000,37.9,,,https://hz.lianjia.com/zufang/HZ1982378701341327360.html,2026-05-03 21:49:35,30.39403,120.235907
xingqiao,整租·广厦天都城天泉苑 4室2厅 跃层 南,整租,广厦天都城天泉苑,临平区-星桥-广厦天都城天泉苑,188.60,4室2厅,,,3600,19.1,,,https://hz.lianjia.com/zufang/HZ2112051826151915520.html,2026-05-03 21:49:35,30.388509,120.240141
xingqiao,整租·汤家锦绣公寓三区 3室2厅 南,整租,汤家锦绣公寓三区,临平区-星桥-汤家锦绣公寓三区,127.00,3室2厅,南,,2500,19.7,,,https://hz.lianjia.com/zufang/HZ2144768316760129536.html,2026-05-03 21:49:06,30.407467,120.240677
xingqiao,整租·嘉和银领时代 4室2厅 南,整租,嘉和银领时代,临平区-星桥-嘉和银领时代,211.00,4室2厅,南,,3900,18.5,,,https://hz.lianjia.com/zufang/HZ2027689467665448960.html,2026-05-03 21:47:22,30.393086,120.242517
xingqiao,整租·广厦天都城尚棠源筑 3室2厅 南,整租,广厦天都城尚棠源筑,临平区-星桥-广厦天都城尚棠源筑,140.41,3室2厅,南,,3800,27.1,,,https://hz.lianjia.com/zufang/HZ2153694441158737920.html,2026-05-03 21:47:22,30.388509,120.240141
xingqiao,整租·广厦天都城尚棠源筑 4室2厅 南,整租,广厦天都城尚棠源筑,临平区-星桥-广厦天都城尚棠源筑,142.45,4室2厅,南,,2000,14.0,,,https://hz.lianjia.com/zufang/HZ1888141641114451968.html,2026-05-03 21:47:22,30.388509,120.240141
xingqiao,整租·学成府 3室2厅 南,整租,学成府,临平区-星桥-学成府,128.00,3室2厅,南,,3000,23.4,,,https://hz.lianjia.com/zufang/HZ2156989913977847808.html,2026-05-03 21:47:22,30.39775,120.25414
xingqiao,整租·广厦天都城天湖苑 3室2厅 南,整租,广厦天都城天湖苑,临平区-星桥-广厦天都城天湖苑,108.00,3室2厅,南,,2350,21.8,,,https://hz.lianjia.com/zufang/HZ2111753713822466048.html,2026-05-03 21:47:22,30.388509,120.240141
xingqiao,整租·悦泽公寓 3室2厅 南,整租,悦泽公寓,临平区-星桥-悦泽公寓,120.00,3室2厅,南,,2200,18.3,,,https://hz.lianjia.com/zufang/HZ2144350292571848704.html,2026-05-03 21:49:35,30.393086,120.242517
xingqiao,整租·太平永顺苑 4室2厅 南,整租,太平永顺苑,临平区-星桥-太平永顺苑,160.00,4室2厅,南,,3000,18.8,,,https://hz.lianjia.com/zufang/HZ2057822594748383232.html,2026-05-03 21:49:35,30.393086,120.242517
xingqiao,整租·太平家园 2室1厅 南,整租,太平家园,临平区-星桥-太平家园,72.00,2室1厅,南,,2200,30.6,,,https://hz.lianjia.com/zufang/HZ2158782699945328640.html,2026-05-03 21:47:22,30.393086,120.242517
xingqiao,整租·瑞金华翠嘉苑 4室1厅 东南,整租,瑞金华翠嘉苑,临平区-星桥-瑞金华翠嘉苑,89.15,4室1厅,东南,,3000,33.7,,,https://hz.lianjia.com/zufang/HZ2150234674360745984.html,2026-05-03 21:47:22,30.393086,120.242517
xingqiao,整租·星润大厦 1室1厅 南,整租,星润大厦,临平区-星桥-星润大厦,50.00,1室1厅,南,,1600,32.0,,,https://hz.lianjia.com/zufang/HZ2091045622185459712.html,2026-05-03 21:47:22,30.40054,120.25105
xingqiao,整租·沁源公寓 3室2厅 南,整租,沁源公寓,临平区-星桥-沁源公寓,89.00,3室2厅,南,,2100,23.6,,,https://hz.lianjia.com/zufang/HZ2093259328856260608.html,2026-05-03 21:47:29,30.393086,120.242517
xingqiao,整租·惠都家园 2室2厅 南,整租,惠都家园,临平区-星桥-惠都家园,89.00,2室2厅,南,,2400,27.0,,,https://hz.lianjia.com/zufang/HZ2156690238821367808.html,2026-05-03 21:47:29,30.398126,120.264496
xingqiao,整租·广厦天都城尚棠源筑 4室2厅 南,整租,广厦天都城尚棠源筑,临平区-星桥-广厦天都城尚棠源筑,116.16,4室2厅,南,,2250,19.4,,,https://hz.lianjia.com/zufang/HZ2140008119789420544.html,2026-05-03 21:49:35,30.388509,120.240141
xingqiao,整租·宾果公寓 2室2厅 南/北,整租,宾果公寓,临平区-星桥-宾果公寓,89.00,2室2厅,南/北,,1800,20.2,,,https://hz.lianjia.com/zufang/HZ2141818664737832960.html,2026-05-03 21:47:29,30.393086,120.242517
xingqiao,整租·广厦天都城天河苑 1室1厅 南,整租,广厦天都城天河苑,临平区-星桥-广厦天都城天河苑,50.00,1室1厅,南,,1500,30.0,,,https://hz.lianjia.com/zufang/HZ2154784213423882240.html,2026-05-03 21:47:29,30.388509,120.240141
xingqiao,整租·学成府 3室1厅 南,整租,学成府,临平区-星桥-学成府,107.00,3室1厅,南,,2600,24.3,,,https://hz.lianjia.com/zufang/HZ2138586583987650560.html,2026-05-03 21:48:42,30.39775,120.25414
xingqiao,整租·星翠芳华府 4室2厅 南,整租,星翠芳华府,临平区-星桥-星翠芳华府,116.00,4室2厅,南,,4500,38.8,,,https://hz.lianjia.com/zufang/HZ2150564419233382400.html,2026-05-03 21:48:00,30.40054,120.25105
xingqiao,整租·沁源公寓 4室1厅 南,整租,沁源公寓,临平区-星桥-沁源公寓,115.00,4室1厅,南,,2300,20.0,,,https://hz.lianjia.com/zufang/HZ2141124171776655360.html,2026-05-03 21:48:49,30.393086,120.242517
xingqiao,整租·滨沁公寓 3室2厅 南,整租,滨沁公寓,临平区-星桥-滨沁公寓,89.00,3室2厅,南,,2200,24.7,,,https://hz.lianjia.com/zufang/HZ2118904712332836864.html,2026-05-03 21:48:49,30.393086,120.242517
xingqiao,整租·星运丽园兰逸 4室2厅 东南,整租,星运丽园兰逸,临平区-星桥-星运丽园兰逸,220.00,4室2厅,东南,,12800,58.2,,,https://hz.lianjia.com/zufang/HZ2113596749225394176.html,2026-05-03 21:49:35,30.40054,120.25105
xingqiao,整租·黄鹤山居 3室2厅 南,整租,黄鹤山居,临平区-星桥-黄鹤山居,142.83,3室2厅,南,,3380,23.7,,,https://hz.lianjia.com/zufang/HZ2138926779669151744.html,2026-05-03 21:47:29,30.393086,120.242517
xingqiao,整租·悦泽公寓 2室1厅 南,整租,悦泽公寓,临平区-星桥-悦泽公寓,60.00,2室1厅,南,,1600,26.7,,,https://hz.lianjia.com/zufang/HZ2151524183278878720.html,2026-05-03 21:49:06,30.393086,120.242517
xingqiao,整租·广厦天都城天星苑 4室2厅 南,整租,广厦天都城天星苑,临平区-星桥-广厦天都城天星苑,122.00,4室2厅,南,,3700,30.3,,,https://hz.lianjia.com/zufang/HZ1998678766619983872.html,2026-05-03 21:49:06,30.388509,120.240141
xingqiao,整租·广厦天都城天泉苑 3室2厅 南/北,整租,广厦天都城天泉苑,临平区-星桥-广厦天都城天泉苑,114.00,3室2厅,南/北,,2900,25.4,,,https://hz.lianjia.com/zufang/HZ2121544414030462976.html,2026-05-03 21:49:06,30.388509,120.240141
xingqiao,整租·经纬美耀湾 3室2厅 南,整租,经纬美耀湾,临平区-星桥-经纬美耀湾,128.97,3室2厅,南,,3600,27.9,,,https://hz.lianjia.com/zufang/HZ2144287211258904576.html,2026-05-03 21:49:35,30.393086,120.242517
xingqiao,整租·瑞金华丽嘉苑 4室2厅 南,整租,瑞金华丽嘉苑,临平区-星桥-瑞金华丽嘉苑,120.00,4室2厅,南,,2700,22.5,,,https://hz.lianjia.com/zufang/HZ1953324579355099136.html,2026-05-03 21:49:06,30.393086,120.242517
xingqiao,整租·瑞金华丽嘉苑 4室2厅 南,整租,瑞金华丽嘉苑,临平区-星桥-瑞金华丽嘉苑,120.95,4室2厅,南,,3500,28.9,,,https://hz.lianjia.com/zufang/HZ2147258767220146176.html,2026-05-03 21:49:06,30.393086,120.242517
xingqiao,整租·广厦天都城爵士花园 3室2厅 南,整租,广厦天都城爵士花园,临平区-星桥-广厦天都城爵士花园,93.00,3室2厅,南,,3000,32.3,,,https://hz.lianjia.com/zufang/HZ2143310160225894400.html,2026-05-03 21:49:35,30.388509,120.240141
xingqiao,整租·惠都家园 2室1厅 南,整租,惠都家园,临平区-星桥-惠都家园,81.00,2室1厅,南,,2100,25.9,,,https://hz.lianjia.com/zufang/HZ2150828273024630784.html,2026-05-03 21:49:35,30.398126,120.264496
xingqiao,整租·嘉和银领时代 3室2厅 南,整租,嘉和银领时代,临平区-星桥-嘉和银领时代,117.00,3室2厅,南,,2200,18.8,,,https://hz.lianjia.com/zufang/HZ2149148989532930048.html,2026-05-03 21:49:35,30.393086,120.242517
xingqiao,整租·惠都家园 2室2厅 南,整租,惠都家园,临平区-星桥-惠都家园,85.00,2室2厅,南,,1900,22.4,,,https://hz.lianjia.com/zufang/HZ2070337643257790464.html,2026-05-03 21:49:06,30.398126,120.264496
xingqiao,整租·桐鹤名苑一区 4室1厅 南,整租,桐鹤名苑一区,临平区-星桥-桐鹤名苑一区,125.00,4室1厅,南,,2300,18.4,,,https://hz.lianjia.com/zufang/HZ2102608695983603712.html,2026-05-03 21:49:35,30.38485,120.25702
xingqiao,整租·星雅嘉园逸品苑 3室2厅 南/北,整租,星雅嘉园逸品苑,临平区-星桥-星雅嘉园逸品苑,106.72,3室2厅,南/北,,2500,23.4,,,https://hz.lianjia.com/zufang/HZ2122195352122556416.html,2026-05-03 21:49:35,30.40054,120.25105
xingqiao,整租·滨沁公寓 3室2厅 南,整租,滨沁公寓,临平区-星桥-滨沁公寓,89.00,3室2厅,南,,2600,29.2,,,https://hz.lianjia.com/zufang/HZ2158183117611859968.html,2026-05-03 21:47:36,30.393086,120.242517
xingqiao,合租·苏荷苑 3居室 南卧,合租,苏荷苑 3居室 南卧,临平区-星桥-苏荷苑,29.00,,,,1000,34.5,,,https://hz.lianjia.com/zufang/HZ2158466034779029504.html,2026-05-03 21:47:36,30.40188,120.25483
xingqiao,合租·桐鹤名苑二区 2居室 南卧,合租,桐鹤名苑二区 2居室 南卧,临平区-星桥-桐鹤名苑二区,60.00,,,,1650,27.5,,,https://hz.lianjia.com/zufang/HZ2159158713636618240.html,2026-05-03 21:48:58,30.382833,120.255543
xingqiao,整租·学成府 3室2厅 东/南/北,整租,学成府,临平区-星桥-学成府,103.00,3室2厅,东/南/北,,2600,25.2,,,https://hz.lianjia.com/zufang/HZ2159131620332797952.html,2026-05-03 21:47:36,30.39775,120.25414
xingqiao,整租·绿城紫桂公寓 3室2厅 南,整租,绿城紫桂公寓,临平区-星桥-绿城紫桂公寓,230.00,3室2厅,南,,2900,12.6,,,https://hz.lianjia.com/zufang/HZ1742459573840642048.html,2026-05-03 21:48:32,30.393086,120.242517
xingqiao,整租·苏荷苑 3室2厅 南,整租,苏荷苑,临平区-星桥-苏荷苑,135.08,3室2厅,南,,2400,17.8,,,https://hz.lianjia.com/zufang/HZ1749372313444286464.html,2026-05-03 21:48:32,30.393086,120.242517
xingqiao,合租·锦上庭 3居室 南卧,合租,锦上庭 3居室 南卧,临平区-星桥-锦上庭,30.00,,,,1800,60.0,,,https://hz.lianjia.com/zufang/HZ1742077544359788544.html,2026-05-03 21:48:32,30.40478,120.269
xingqiao,整租·绿城紫桂公寓 3室1厅 南,整租,绿城紫桂公寓,临平区-星桥-绿城紫桂公寓,140.00,3室1厅,南,,3000,21.4,,,https://hz.lianjia.com/zufang/HZ1743893257005301760.html,2026-05-03 21:48:32,30.393086,120.242517
xingqiao,整租·桂花星座 1室1厅 南,整租,桂花星座,临平区-星桥-桂花星座,54.00,1室1厅,南,,1300,24.1,,,https://hz.lianjia.com/zufang/HZ1769225594278510592.html,2026-05-03 21:48:32,30.400218,120.262201
xingqiao,整租·卓悦华庭（临平区） 3室2厅 南,整租,卓悦华庭（临平区）,临平区-星桥-卓悦华庭,89.58,3室2厅,南,,1500,16.7,,,https://hz.lianjia.com/zufang/HZ1789970716414705664.html,2026-05-03 21:48:32,30.393086,120.242517
xingqiao,整租·桂花星座 3室2厅 南,整租,桂花星座,临平区-星桥-桂花星座,106.00,3室2厅,南,,1300,12.3,,,https://hz.lianjia.com/zufang/HZ1770006833663049728.html,2026-05-03 21:48:32,30.400218,120.262201
xingqiao,整租·擎天半岛 4室2厅 南,整租,擎天半岛,临平区-星桥-擎天半岛,140.00,4室2厅,南,,2600,18.6,,,https://hz.lianjia.com/zufang/HZ1786947968104923136.html,2026-05-03 21:48:32,30.4024,120.265575
xingqiao,整租·广厦天都城天星苑 3室2厅 东南,整租,广厦天都城天星苑,临平区-星桥-广厦天都城天星苑,86.00,3室2厅,东南,,2400,27.9,,,https://hz.lianjia.com/zufang/HZ1804073767811416064.html,2026-05-03 21:48:32,30.388509,120.240141
xingqiao,整租·广厦爱丽山庄 5室2厅 东南/南,整租,广厦爱丽山庄,临平区-星桥-广厦爱丽山庄,421.00,5室2厅,东南/南,,10000,23.8,,,https://hz.lianjia.com/zufang/HZ2873902389881487360.html,2026-05-03 21:48:32,30.389582,120.236602
xingqiao,整租·滨沁公寓 3室2厅 南,整租,滨沁公寓,临平区-星桥-滨沁公寓,89.50,3室2厅,南,,1600,17.9,,,https://hz.lianjia.com/zufang/HZ2832566184787329024.html,2026-05-03 21:48:32,30.393086,120.242517
xingqiao,整租·广厦天都城天泉苑 10室2厅 跃层 南,整租,广厦天都城天泉苑,临平区-星桥-广厦天都城天泉苑,263.00,10室2厅,,,3500,13.3,,,https://hz.lianjia.com/zufang/HZ1662689021551181824.html,2026-05-03 21:48:32,30.388509,120.240141
xingqiao,整租·广厦天都城天泉苑 2室2厅 跃层 南/北,整租,广厦天都城天泉苑,临平区-星桥-广厦天都城天泉苑,180.00,2室2厅,,,2200,12.2,,,https://hz.lianjia.com/zufang/HZ2159849304372543488.html,2026-05-03 21:47:36,30.388509,120.240141
xingqiao,整租·擎天半岛 3室2厅 南/西/北,整租,擎天半岛,临平区-星桥-擎天半岛,88.73,3室2厅,南/西/北,,2500,28.2,,,https://hz.lianjia.com/zufang/HZ2160567786500259840.html,2026-05-03 21:47:36,30.4024,120.265575
xingqiao,整租·广厦天都城天月苑 9室2厅 南,整租,广厦天都城天月苑,临平区-星桥-广厦天都城天月苑,226.00,9室2厅,南,,3500,15.5,,,https://hz.lianjia.com/zufang/HZ2160595486505959424.html,2026-05-03 21:47:36,30.388509,120.240141
xingqiao,整租·嘉和银领时代 3室2厅 南,整租,嘉和银领时代,临平区-星桥-嘉和银领时代,89.00,3室2厅,南,,2500,28.1,,,https://hz.lianjia.com/zufang/HZ2160573300336492544.html,2026-05-03 21:47:36,30.393086,120.242517
xingqiao,整租·融创融耀之城 3室2厅 南,整租,融创融耀之城,临平区-星桥-融创融耀之城,99.43,3室2厅,南,,3500,35.2,,,https://hz.lianjia.com/zufang/HZ2160674994860851200.html,2026-05-03 21:47:36,30.393086,120.242517
xingqiao,整租·擎天半岛 3室1厅 东南,整租,擎天半岛,临平区-星桥-擎天半岛,89.00,3室1厅,东南,,2300,25.8,,,https://hz.lianjia.com/zufang/HZ2160909614571323392.html,2026-05-03 21:47:36,30.4024,120.265575
xingqiao,整租·枫桥庭 3室2厅 南,整租,枫桥庭,临平区-星桥-枫桥庭,89.00,3室2厅,南,,2700,30.3,,,https://hz.lianjia.com/zufang/HZ2161426658681159680.html,2026-05-03 21:47:36,30.393086,120.242517
xingqiao,整租·广厦天都城紫韵公寓 3室2厅 南,整租,广厦天都城紫韵公寓,临平区-星桥-广厦天都城紫韵公寓,123.00,3室2厅,南,,3800,30.9,,,https://hz.lianjia.com/zufang/HZ2161416568217534464.html,2026-05-03 21:48:58,30.388509,120.240141
xingqiao,整租·广厦天都城爱尚公寓 2室2厅 东/南,整租,广厦天都城爱尚公寓,临平区-星桥-广厦天都城爱尚公寓,92.00,2室2厅,东/南,,2800,30.4,,,https://hz.lianjia.com/zufang/HZ2151601549141344256.html,2026-05-03 21:47:47,30.388509,120.240141
xingqiao,合租·广厦天都城天月苑 6居室 北卧,合租,广厦天都城天月苑 6居室 北卧,临平区-星桥-广厦天都城天月苑,20.00,,,,800,40.0,,,https://hz.lianjia.com/zufang/HZ2152724121283198976.html,2026-05-03 21:47:47,30.388509,120.240141
xingqiao,整租·悦泽公寓 3室2厅 南,整租,悦泽公寓,临平区-星桥-悦泽公寓,120.00,3室2厅,南,,2100,17.5,,,https://hz.lianjia.com/zufang/HZ2152974942377869312.html,2026-05-03 21:47:47,30.393086,120.242517
xingqiao,整租·滨沁公寓 3室2厅 南,整租,滨沁公寓,临平区-星桥-滨沁公寓,89.00,3室2厅,南,,2600,29.2,,,https://hz.lianjia.com/zufang/HZ2152962327446552576.html,2026-05-03 21:47:47,30.393086,120.242517
xingqiao,整租·学成府 3室2厅 南,整租,学成府,临平区-星桥-学成府,101.10,3室2厅,南,,1700,16.8,,,https://hz.lianjia.com/zufang/HZ2153044952530026496.html,2026-05-03 21:47:47,30.39775,120.25414
xingqiao,整租·广厦天都城天泉苑 3室2厅 南,整租,广厦天都城天泉苑,临平区-星桥-广厦天都城天泉苑,117.00,3室2厅,南,,2500,21.4,,,https://hz.lianjia.com/zufang/HZ2153079631673032704.html,2026-05-03 21:47:47,30.388509,120.240141
xingqiao,整租·瑞金华丽嘉苑 3室2厅 南,整租,瑞金华丽嘉苑,临平区-星桥-瑞金华丽嘉苑,139.00,3室2厅,南,,3700,26.6,,,https://hz.lianjia.com/zufang/HZ2153054921027485696.html,2026-05-03 21:47:47,30.393086,120.242517
xingqiao,整租·卓悦华庭（临平区） 2室2厅 南,整租,卓悦华庭（临平区）,临平区-星桥-卓悦华庭,45.00,2室2厅,南,,1000,22.2,,,https://hz.lianjia.com/zufang/HZ2152982740125876224.html,2026-05-03 21:47:47,30.393086,120.242517
xingqiao,整租·学成府 5室2厅 南,整租,学成府,临平区-星桥-学成府,166.77,5室2厅,南,,4000,24.0,,,https://hz.lianjia.com/zufang/HZ2028399233685520384.html,2026-05-03 21:48:42,30.39775,120.25414
xingqiao,整租·枫桥庭 2室2厅 南,整租,枫桥庭,临平区-星桥-枫桥庭,80.44,2室2厅,南,,2200,27.3,,,https://hz.lianjia.com/zufang/HZ2153341995450368000.html,2026-05-03 21:47:47,30.393086,120.242517
xingqiao,合租·星运丽园兰逸 4居室 南卧,合租,星运丽园兰逸 4居室 南卧,临平区-星桥-星运丽园兰逸,30.00,,,,1500,50.0,,,https://hz.lianjia.com/zufang/HZ2153416145795809280.html,2026-05-03 21:47:47,30.417947,120.243564
xingqiao,合租·星运丽园兰逸 4居室 南卧,合租,星运丽园兰逸 4居室 南卧,临平区-星桥-星运丽园兰逸,30.00,,,,1500,50.0,,,https://hz.lianjia.com/zufang/HZ2153416145036640256.html,2026-05-03 21:47:47,30.417947,120.243564
xingqiao,合租·桐鹤名苑一区 2居室 南卧,合租,桐鹤名苑一区 2居室 南卧,临平区-星桥-桐鹤名苑一区,70.00,,,,2000,28.6,,,https://hz.lianjia.com/zufang/HZ2153376159381848064.html,2026-05-03 21:47:47,30.384679,120.25723
xingqiao,整租·融创融耀之城 3室2厅 南,整租,融创融耀之城,临平区-星桥-融创融耀之城,89.00,3室2厅,南,,3500,39.3,,,https://hz.lianjia.com/zufang/HZ2153391228173942784.html,2026-05-03 21:47:47,30.393086,120.242517
xingqiao,整租·星运丽园 1室1厅 南,整租,星运丽园,临平区-星桥-星运丽园,51.00,1室1厅,南,,1699,33.3,,,https://hz.lianjia.com/zufang/HZ2153449061347229696.html,2026-05-03 21:47:47,30.40054,120.25105
xingqiao,整租·藕花洲大街西段623号 3室2厅 南,整租,藕花洲大街西段623号,临平区-星桥-藕花洲大街西段,127.33,3室2厅,南,,2700,21.2,,,https://hz.lianjia.com/zufang/HZ2153457217406238720.html,2026-05-03 21:47:47,30.394813,120.24719
xingqiao,整租·广厦天都城天风苑 8室2厅 南,整租,广厦天都城天风苑,临平区-星桥-广厦天都城天风苑,288.00,8室2厅,南,,4500,15.6,,,https://hz.lianjia.com/zufang/HZ2153489933589807104.html,2026-05-03 21:47:47,30.388509,120.240141
xingqiao,整租·星运丽园 1室1厅 南,整租,星运丽园,临平区-星桥-星运丽园,50.64,1室1厅,南,,1600,31.6,,,https://hz.lianjia.com/zufang/HZ2153770629713625088.html,2026-05-03 21:47:47,30.40054,120.25105
xingqiao,整租·广厦天都城尚棠源筑 3室2厅 南,整租,广厦天都城尚棠源筑,临平区-星桥-广厦天都城尚棠源筑,89.00,3室2厅,南,,1800,20.2,,,https://hz.lianjia.com/zufang/HZ2153785892341284864.html,2026-05-03 21:47:47,30.388509,120.240141
xingqiao,合租·星润大厦 2居室 南卧,合租,星润大厦 2居室 南卧,临平区-星桥-星润大厦,38.00,,,,1300,34.2,,,https://hz.lianjia.com/zufang/HZ2143689422372077568.html,2026-05-03 21:47:54,30.417947,120.243564
xingqiao,整租·桐鹤名苑一区 2室1厅 南,整租,桐鹤名苑一区,临平区-星桥-桐鹤名苑一区,65.00,2室1厅,南,,2000,30.8,,,https://hz.lianjia.com/zufang/HZ2143931239541768192.html,2026-05-03 21:47:54,30.38485,120.25702
xingqiao,整租·广厦天都城紫韵公寓 2室2厅 南,整租,广厦天都城紫韵公寓,临平区-星桥-广厦天都城紫韵公寓,88.00,2室2厅,南,,2000,22.7,,,https://hz.lianjia.com/zufang/HZ2143675135876399104.html,2026-05-03 21:47:54,30.388509,120.240141
xingqiao,合租·星润大厦 2居室 南卧,合租,星润大厦 2居室 南卧,临平区-星桥-星润大厦,42.00,,,,1300,31.0,,,https://hz.lianjia.com/zufang/HZ2143689446447382528.html,2026-05-03 21:47:54,30.417947,120.243564
xingqiao,整租·星运丽园 1室1厅 南,整租,星运丽园,临平区-星桥-星运丽园,50.00,1室1厅,南,,1800,36.0,,,https://hz.lianjia.com/zufang/HZ2144297428033994752.html,2026-05-03 21:47:54,30.40054,120.25105
xingqiao,整租·广厦天都城紫韵公寓 3室2厅 南,整租,广厦天都城紫韵公寓,临平区-星桥-广厦天都城紫韵公寓,136.00,3室2厅,南,,2500,18.4,,,https://hz.lianjia.com/zufang/HZ2144375623957610496.html,2026-05-03 21:47:54,30.388509,120.240141
xingqiao,整租·美好桂花金座 2室2厅 南/北,整租,美好桂花金座,临平区-星桥-美好桂花金座,80.00,2室2厅,南/北,,2835,35.4,,,https://hz.lianjia.com/zufang/HZ2144088010017210368.html,2026-05-03 21:47:54,30.393086,120.242517
xingqiao,合租·星雅嘉园逸景苑 2居室 北卧,合租,星雅嘉园逸景苑 2居室 北卧,临平区-星桥-星雅嘉园逸景苑,40.00,,,,1500,37.5,,,https://hz.lianjia.com/zufang/HZ2144689771627151360.html,2026-05-03 21:47:54,30.40054,120.25105
xingqiao,合租·太平永顺苑 2居室 南卧,合租,太平永顺苑 2居室 南卧,临平区-星桥-太平永顺苑,60.00,,,,1800,30.0,,,https://hz.lianjia.com/zufang/HZ2144691020145623040.html,2026-05-03 21:47:54,30.40188,120.25483
xingqiao,合租·广厦天都城天月苑 1居室 南卧,合租,广厦天都城天月苑 1居室 南卧,临平区-星桥-广厦天都城天月苑,30.00,,,,600,20.0,,,https://hz.lianjia.com/zufang/HZ2144746259607453696.html,2026-05-03 21:47:54,30.388509,120.240141
xingqiao,整租·通和十二橡树 5室2厅 南,整租,通和十二橡树,临平区-星桥-通和十二橡树,211.70,5室2厅,南,,4300,20.3,,,https://hz.lianjia.com/zufang/HZ2144781576074952704.html,2026-05-03 21:47:54,30.393086,120.242517
xingqiao,合租·星雅嘉园逸景苑 2居室 东南卧,合租,星雅嘉园逸景苑 2居室 东南卧,临平区-星桥-星雅嘉园逸景苑,50.00,,,,2000,40.0,,,https://hz.lianjia.com/zufang/HZ2144691670275325952.html,2026-05-03 21:47:54,30.417947,120.243564
xingqiao,整租·通和十二橡树 2室2厅 南,整租,通和十二橡树,临平区-星桥-通和十二橡树,83.00,2室2厅,南,,1650,19.9,,,https://hz.lianjia.com/zufang/HZ2144715698318868480.html,2026-05-03 21:47:54,30.393086,120.242517
xingqiao,整租·滨沁公寓 3室2厅 南,整租,滨沁公寓,临平区-星桥-滨沁公寓,89.14,3室2厅,南,,1600,17.9,,,https://hz.lianjia.com/zufang/HZ2144751948782370816.html,2026-05-03 21:47:54,30.393086,120.242517
xingqiao,整租·华艺星座 3室1厅 南,整租,华艺星座,临平区-星桥-华艺星座,87.00,3室1厅,南,,2200,25.3,,,https://hz.lianjia.com/zufang/HZ2144770448787767296.html,2026-05-03 21:47:54,30.393086,120.242517
xingqiao,整租·擎天半岛 6室2厅 南/北,整租,擎天半岛,临平区-星桥-擎天半岛,254.95,6室2厅,南/北,,26000,102.0,,,https://hz.lianjia.com/zufang/HZ2145004848850927616.html,2026-05-03 21:47:54,30.4024,120.265575
xingqiao,整租·广厦天都城温莎苑 3室2厅 南,整租,广厦天都城温莎苑,临平区-星桥-广厦天都城温莎苑,137.00,3室2厅,南,,1900,13.9,,,https://hz.lianjia.com/zufang/HZ2144777745882677248.html,2026-05-03 21:47:54,30.388509,120.240141
xingqiao,整租·星润大厦 1室1厅 南,整租,星润大厦,临平区-星桥-星润大厦,42.00,1室1厅,南,,1400,33.3,,,https://hz.lianjia.com/zufang/HZ2145069887381307392.html,2026-05-03 21:47:54,30.40054,120.25105
xingqiao,整租·星润大厦 1室1厅 东北,整租,星润大厦,临平区-星桥-星润大厦,42.00,1室1厅,东北,,1200,28.6,,,https://hz.lianjia.com/zufang/HZ2145342332738732032.html,2026-05-03 21:47:54,30.40054,120.25105
xingqiao,合租·星润大厦 2居室 南卧,合租,星润大厦 2居室 南卧,临平区-星桥-星润大厦,40.00,,,,1300,32.5,,,https://hz.lianjia.com/zufang/HZ2145377155469541376.html,2026-05-03 21:47:54,30.417947,120.243564
xingqiao,合租·瑞金华丽嘉苑 5居室 南卧,合租,瑞金华丽嘉苑 5居室 南卧,临平区-星桥-瑞金华丽嘉苑,20.00,,,,700,35.0,,,https://hz.lianjia.com/zufang/HZ2145473036382371840.html,2026-05-03 21:47:54,30.40188,120.25483
xingqiao,整租·星润大厦 1室1厅 南,整租,星润大厦,临平区-星桥-星润大厦,42.00,1室1厅,南,,1200,28.6,,,https://hz.lianjia.com/zufang/HZ2145431515171913728.html,2026-05-03 21:47:54,30.40054,120.25105
xingqiao,整租·广厦天都城天风苑 3室2厅 南,整租,广厦天都城天风苑,临平区-星桥-广厦天都城天风苑,102.00,3室2厅,南,,2500,24.5,,,https://hz.lianjia.com/zufang/HZ2145470155541446656.html,2026-05-03 21:47:54,30.388509,120.240141
xingqiao,合租·广厦爱丽山庄 4居室 南卧,合租,广厦爱丽山庄 4居室 南卧,临平区-星桥-广厦爱丽山庄,160.00,,,,7800,48.8,,,https://hz.lianjia.com/zufang/HZ2145531261337206784.html,2026-05-03 21:47:54,30.389582,120.236602
xingqiao,整租·广厦天都城尚棠源筑 3室2厅 南,整租,广厦天都城尚棠源筑,临平区-星桥-广厦天都城尚棠源筑,91.00,3室2厅,南,,1500,16.5,,,https://hz.lianjia.com/zufang/HZ2145727280238821376.html,2026-05-03 21:47:54,30.388509,120.240141
xingqiao,整租·悦泽公寓 2室2厅 南,整租,悦泽公寓,临平区-星桥-悦泽公寓,90.00,2室2厅,南,,1700,18.9,,,https://hz.lianjia.com/zufang/HZ2152973791179833344.html,2026-05-03 21:48:42,30.393086,120.242517
xingqiao,整租·太平家园 2室2厅 南,整租,太平家园,临平区-星桥-太平家园,90.00,2室2厅,南,,2200,24.4,,,https://hz.lianjia.com/zufang/HZ2156305927920156672.html,2026-05-03 21:48:42,30.393086,120.242517
xingqiao,整租·瑞金华庭嘉苑 3室2厅 南,整租,瑞金华庭嘉苑,临平区-星桥-瑞金华庭嘉苑,92.83,3室2厅,南,,1700,18.3,,,https://hz.lianjia.com/zufang/HZ2071826825062907904.html,2026-05-03 21:48:42,30.393086,120.242517
xingqiao,整租·融创融耀之城 3室2厅 南,整租,融创融耀之城,临平区-星桥-融创融耀之城,100.00,3室2厅,南,,3600,36.0,,,https://hz.lianjia.com/zufang/HZ2140652687123808256.html,2026-05-03 21:48:42,30.393086,120.242517
xingqiao,整租·广厦天都城天河苑 1室1厅 北,整租,广厦天都城天河苑,临平区-星桥-广厦天都城天河苑,26.00,1室1厅,北,,900,34.6,,,https://hz.lianjia.com/zufang/HZ2138142817556365312.html,2026-05-03 21:48:00,30.388509,120.240141
xingqiao,整租·广厦天都城天泉苑 3室2厅 南,整租,广厦天都城天泉苑,临平区-星桥-广厦天都城天泉苑,85.00,3室2厅,南,,2500,29.4,,,https://hz.lianjia.com/zufang/HZ2156307982189592576.html,2026-05-03 21:48:42,30.388509,120.240141
xingqiao,整租·广厦天都城蓝调苑 3室2厅 南,整租,广厦天都城蓝调苑,临平区-星桥-广厦天都城蓝调苑,89.00,3室2厅,南,,2000,22.5,,,https://hz.lianjia.com/zufang/HZ2129517105047928832.html,2026-05-03 21:48:42,30.388509,120.240141
xingqiao,整租·广厦天都城天河苑 1室1厅 南,整租,广厦天都城天河苑,临平区-星桥-广厦天都城天河苑,52.00,1室1厅,南,,1800,34.6,,,https://hz.lianjia.com/zufang/HZ2159543871397167104.html,2026-05-03 21:48:42,30.388509,120.240141
xingqiao,整租·瑞金华庭嘉苑 3室2厅 东南,整租,瑞金华庭嘉苑,临平区-星桥-瑞金华庭嘉苑,135.00,3室2厅,东南,,3400,25.2,,,https://hz.lianjia.com/zufang/HZ2140309408821805056.html,2026-05-03 21:48:42,30.393086,120.242517
xingqiao,整租·苏荷苑 3室2厅 南,整租,苏荷苑,临平区-星桥-苏荷苑,132.60,3室2厅,南,,3000,22.6,,,https://hz.lianjia.com/zufang/HZ2098686233189285888.html,2026-05-03 21:48:42,30.393086,120.242517
xingqiao,整租·经纬美耀湾 2室1厅 南,整租,经纬美耀湾,临平区-星桥-经纬美耀湾,89.00,2室1厅,南,,2500,28.1,,,https://hz.lianjia.com/zufang/HZ2160271703630938112.html,2026-05-03 21:48:42,30.393086,120.242517
xingqiao,整租·广厦天都城天月苑 5室3厅 南,整租,广厦天都城天月苑,临平区-星桥-广厦天都城天月苑,211.00,5室3厅,南,,3300,15.6,,,https://hz.lianjia.com/zufang/HZ2139541595978989568.html,2026-05-03 21:48:00,30.388509,120.240141
xingqiao,整租·惠都家园 2室1厅 南,整租,惠都家园,临平区-星桥-惠都家园,86.00,2室1厅,南,,1500,17.4,,,https://hz.lianjia.com/zufang/HZ2074830352588734464.html,2026-05-03 21:48:00,30.398126,120.264496
xingqiao,整租·汤家锦绣公寓三区 3室2厅 南,整租,汤家锦绣公寓三区,临平区-星桥-汤家锦绣公寓三区,120.00,3室2厅,南,,2300,19.2,,,https://hz.lianjia.com/zufang/HZ2154575087511011328.html,2026-05-03 21:48:00,30.407467,120.240677
xingqiao,整租·沁源公寓 3室2厅 南,整租,沁源公寓,临平区-星桥-沁源公寓,89.00,3室2厅,南,,2500,28.1,,,https://hz.lianjia.com/zufang/HZ2152290224363798528.html,2026-05-03 21:48:00,30.393086,120.242517
xingqiao,整租·锦上庭 2室1厅 南,整租,锦上庭,临平区-星桥-锦上庭,80.00,2室1厅,南,,1700,21.2,,,https://hz.lianjia.com/zufang/HZ2153344445242671104.html,2026-05-03 21:48:00,30.40478,120.269
xingqiao,整租·广厦天都城天泉苑 3室2厅 西南,整租,广厦天都城天泉苑,临平区-星桥-广厦天都城天泉苑,139.69,3室2厅,西南,,2600,18.6,,,https://hz.lianjia.com/zufang/HZ2003616435846250496.html,2026-05-03 21:48:00,30.388509,120.240141
xingqiao,整租·擎天半岛 3室1厅 南,整租,擎天半岛,临平区-星桥-擎天半岛,89.00,3室1厅,南,,2300,25.8,,,https://hz.lianjia.com/zufang/HZ2152252036127653888.html,2026-05-03 21:48:00,30.4024,120.265575
xingqiao,整租·学成府 4室2厅 南,整租,学成府,临平区-星桥-学成府,128.00,4室2厅,南,,2500,19.5,,,https://hz.lianjia.com/zufang/HZ1909175120014868480.html,2026-05-03 21:48:00,30.39775,120.25414
xingqiao,整租·太平家园 5室1厅 南,整租,太平家园,临平区-星桥-太平家园,140.00,5室1厅,南,,2000,14.3,,,https://hz.lianjia.com/zufang/HZ2128075413065302016.html,2026-05-03 21:48:00,30.393086,120.242517
xingqiao,整租·广厦天都城天泉苑 3室2厅 南,整租,广厦天都城天泉苑,临平区-星桥-广厦天都城天泉苑,101.00,3室2厅,南,,2500,24.8,,,https://hz.lianjia.com/zufang/HZ2160268909104594944.html,2026-05-03 21:48:00,30.388509,120.240141
xingqiao,整租·广厦天都城蓝调苑 4室2厅 南/北,整租,广厦天都城蓝调苑,临平区-星桥-广厦天都城蓝调苑,136.00,4室2厅,南/北,,3300,24.3,,,https://hz.lianjia.com/zufang/HZ2160000915711459328.html,2026-05-03 21:48:06,30.388509,120.240141
xingqiao,整租·通和十二橡树 4室2厅 西南,整租,通和十二橡树,临平区-星桥-通和十二橡树,128.30,4室2厅,西南,,3500,27.3,,,https://hz.lianjia.com/zufang/HZ2121532500781039616.html,2026-05-03 21:48:06,30.393086,120.242517
xingqiao,整租·广厦天都城天河苑 1室1厅 南,整租,广厦天都城天河苑,临平区-星桥-广厦天都城天河苑,53.87,1室1厅,南,,1400,26.0,,,https://hz.lianjia.com/zufang/HZ2096204826445611008.html,2026-05-03 21:48:06,30.388509,120.240141
xingqiao,整租·广厦天都城天河苑 3室2厅 南,整租,广厦天都城天河苑,临平区-星桥-广厦天都城天河苑,99.00,3室2厅,南,,1500,15.2,,,https://hz.lianjia.com/zufang/HZ2095374443260936192.html,2026-05-03 21:49:35,30.388509,120.240141
xingqiao,整租·桐鹤名苑一区 4室2厅 南,整租,桐鹤名苑一区,临平区-星桥-桐鹤名苑一区,168.00,4室2厅,南,,3000,17.9,,,https://hz.lianjia.com/zufang/HZ2108783471177498624.html,2026-05-03 21:48:06,30.38485,120.25702
xingqiao,整租·沁源公寓 3室2厅 南,整租,沁源公寓,临平区-星桥-沁源公寓,88.52,3室2厅,南,,3000,33.9,,,https://hz.lianjia.com/zufang/HZ2082037845119205376.html,2026-05-03 21:48:06,30.393086,120.242517
xingqiao,整租·融创融耀之城 3室2厅 南,整租,融创融耀之城,临平区-星桥-融创融耀之城,105.00,3室2厅,南,,4300,41.0,,,https://hz.lianjia.com/zufang/HZ2156286745128206336.html,2026-05-03 21:49:57,30.393086,120.242517
xingqiao,整租·广厦天都城天河苑 1室0厅 西北,整租,广厦天都城天河苑,临平区-星桥-广厦天都城天河苑,26.00,1室0厅,西北,,1200,46.2,,,https://hz.lianjia.com/zufang/HZ2147935016154300416.html,2026-05-03 21:49:57,30.388509,120.240141
xingqiao,整租·太平家园 2室1厅 南,整租,太平家园,临平区-星桥-太平家园,89.00,2室1厅,南,,2200,24.7,,,https://hz.lianjia.com/zufang/HZ2073374333534732288.html,2026-05-03 21:49:57,30.393086,120.242517
xingqiao,整租·卓悦华庭（临平区） 2室1厅 南,整租,卓悦华庭（临平区）,临平区-星桥-卓悦华庭,89.00,2室1厅,南,,3150,35.4,,,https://hz.lianjia.com/zufang/HZ2148707853051887616.html,2026-05-03 21:48:06,30.393086,120.242517
xingqiao,整租·惠都家园 2室1厅 南,整租,惠都家园,临平区-星桥-惠都家园,80.00,2室1厅,南,,2070,25.9,,,https://hz.lianjia.com/zufang/HZ2091077994192830464.html,2026-05-03 21:48:06,30.398126,120.264496
xingqiao,整租·瑞金华庭嘉苑 3室1厅 南,整租,瑞金华庭嘉苑,临平区-星桥-瑞金华庭嘉苑,89.00,3室1厅,南,,2100,23.6,,,https://hz.lianjia.com/zufang/HZ2143210073948684288.html,2026-05-03 21:49:35,30.393086,120.242517
xingqiao,整租·学成府 4室2厅 南,整租,学成府,临平区-星桥-学成府,128.00,4室2厅,南,,2050,16.0,,,https://hz.lianjia.com/zufang/HZ2109181504138510336.html,2026-05-03 21:48:49,30.39775,120.25414
xingqiao,整租·擎天半岛 3室2厅 南,整租,擎天半岛,临平区-星桥-擎天半岛,89.00,3室2厅,南,,2600,29.2,,,https://hz.lianjia.com/zufang/HZ2160297193989210112.html,2026-05-03 21:49:35,30.4024,120.265575
xingqiao,整租·惠都家园 2室1厅 南/北,整租,惠都家园,临平区-星桥-惠都家园,86.00,2室1厅,南/北,,2000,23.3,,,https://hz.lianjia.com/zufang/HZ2158554492851716096.html,2026-05-03 21:48:42,30.398126,120.264496
xingqiao,整租·瑞金华丽嘉苑 4室2厅 跃层 南,整租,瑞金华丽嘉苑,临平区-星桥-瑞金华丽嘉苑,121.00,4室2厅,,,5000,41.3,,,https://hz.lianjia.com/zufang/HZ2157341787151138816.html,2026-05-03 21:48:42,30.393086,120.242517
xingqiao,整租·锦上庭 4室2厅 南,整租,锦上庭,临平区-星桥-锦上庭,196.41,4室2厅,南,,3700,18.8,,,https://hz.lianjia.com/zufang/HZ1824706542767702016.html,2026-05-03 21:48:42,30.40478,120.269
xingqiao,整租·悦泽公寓 4室2厅 南,整租,悦泽公寓,临平区-星桥-悦泽公寓,160.00,4室2厅,南,,3000,18.8,,,https://hz.lianjia.com/zufang/HZ2051510262648799232.html,2026-05-03 21:48:42,30.393086,120.242517
xingqiao,合租·悦恺公寓 5居室 北卧,合租,悦恺公寓 5居室 北卧,临平区-星桥-悦恺公寓,30.00,,,,880,29.3,,,https://hz.lianjia.com/zufang/HZ1888563020951453696.html,2026-05-03 21:48:32,30.40004,120.25084
xingqiao,合租·广厦天都城天月苑 9居室 南卧,合租,广厦天都城天月苑 9居室 南卧,临平区-星桥-广厦天都城天月苑,30.00,,,,1800,60.0,,,https://hz.lianjia.com/zufang/HZ1894332573648158720.html,2026-05-03 21:48:32,30.388509,120.240141
xingqiao,整租·广厦天都城温莎苑 3室1厅 南,整租,广厦天都城温莎苑,临平区-星桥-广厦天都城温莎苑,89.31,3室1厅,南,,2700,30.2,,,https://hz.lianjia.com/zufang/HZ2149087996895297536.html,2026-05-03 21:49:57,30.388509,120.240141
xingqiao,整租·滨沁公寓 3室2厅 南,整租,滨沁公寓,临平区-星桥-滨沁公寓,87.78,3室2厅,南,,2500,28.5,,,https://hz.lianjia.com/zufang/HZ2161753926712426496.html,2026-05-03 21:49:57,30.393086,120.242517
xingqiao,整租·广厦天都城天泉苑 3室2厅 南/北,整租,广厦天都城天泉苑,临平区-星桥-广厦天都城天泉苑,118.00,3室2厅,南/北,,3000,25.4,,,https://hz.lianjia.com/zufang/HZ2153072180642971648.html,2026-05-03 21:48:32,30.388509,120.240141
xingqiao,整租·星雅嘉园逸景苑 3室1厅 西南,整租,星雅嘉园逸景苑,临平区-星桥-星雅嘉园逸景苑,99.68,3室1厅,西南,,2600,26.1,,,https://hz.lianjia.com/zufang/HZ2138511506470338560.html,2026-05-03 21:48:32,30.40054,120.25105
xingqiao,整租·擎天半岛 3室2厅 南/西,整租,擎天半岛,临平区-星桥-擎天半岛,89.00,3室2厅,南/西,,2600,29.2,,,https://hz.lianjia.com/zufang/HZ2127776140448759808.html,2026-05-03 21:48:42,30.4024,120.265575
xingqiao,整租·惠都家园 2室2厅 南,整租,惠都家园,临平区-星桥-惠都家园,85.00,2室2厅,南,,1900,22.4,,,https://hz.lianjia.com/zufang/HZ2140089418839490560.html,2026-05-03 21:48:42,30.398126,120.264496
xingqiao,整租·瑞金华庭嘉苑 3室2厅 南/北,整租,瑞金华庭嘉苑,临平区-星桥-瑞金华庭嘉苑,101.00,3室2厅,南/北,,2300,22.8,,,https://hz.lianjia.com/zufang/HZ2128460606703927296.html,2026-05-03 21:48:42,30.393086,120.242517
xingqiao,整租·金辉蓝光辉逸云筑 4室2厅 南,整租,金辉蓝光辉逸云筑,临平区-星桥-金辉蓝光辉逸云筑,120.00,4室2厅,南,,3800,31.7,,,https://hz.lianjia.com/zufang/HZ2152254303744557056.html,2026-05-03 21:48:42,30.393086,120.242517
xingqiao,整租·擎天半岛 3室2厅 东南,整租,擎天半岛,临平区-星桥-擎天半岛,89.00,3室2厅,东南,,3100,34.8,,,https://hz.lianjia.com/zufang/HZ2159226919449526272.html,2026-05-03 21:49:35,30.4024,120.265575
xingqiao,整租·绿城紫桂公寓 4室2厅 东南/南,整租,绿城紫桂公寓,临平区-星桥-绿城紫桂公寓,174.00,4室2厅,东南/南,,2000,11.5,,,https://hz.lianjia.com/zufang/HZ1916448474312736768.html,2026-05-03 21:49:06,30.393086,120.242517
xingqiao,整租·月映星语园 4室2厅 南,整租,月映星语园,临平区-星桥-月映星语园,111.00,4室2厅,南,,4500,40.5,,,https://hz.lianjia.com/zufang/HZ1937079545207193600.html,2026-05-03 21:49:35,30.393086,120.242517
xingqiao,整租·惠都家园 2室1厅 南,整租,惠都家园,临平区-星桥-惠都家园,83.00,2室1厅,南,,2000,24.1,,,https://hz.lianjia.com/zufang/HZ2090295094669213696.html,2026-05-03 21:49:06,30.398126,120.264496
xingqiao,整租·锦上庭 4室2厅 南,整租,锦上庭,临平区-星桥-锦上庭,196.00,4室2厅,南,,3500,17.9,,,https://hz.lianjia.com/zufang/HZ2091454314705846272.html,2026-05-03 21:49:35,30.40478,120.269
xingqiao,整租·锦上庭 4室2厅 南,整租,锦上庭,临平区-星桥-锦上庭,165.00,4室2厅,南,,2800,17.0,,,https://hz.lianjia.com/zufang/HZ2113281254479626240.html,2026-05-03 21:48:49,30.40478,120.269
xingqiao,整租·星润大厦 1室1厅 西南,整租,星润大厦,临平区-星桥-星润大厦,45.47,1室1厅,西南,,2500,55.0,,,https://hz.lianjia.com/zufang/HZ2157439606369288192.html,2026-05-03 21:49:57,30.40054,120.25105
xingqiao,整租·惠都家园 2室2厅 南,整租,惠都家园,临平区-星桥-惠都家园,89.00,2室2厅,南,,1500,16.9,,,https://hz.lianjia.com/zufang/HZ2158864388096786432.html,2026-05-03 21:49:35,30.398126,120.264496
xingqiao,整租·锦上庭 2室1厅 南,整租,锦上庭,临平区-星桥-锦上庭,80.00,2室1厅,南,,2600,32.5,,,https://hz.lianjia.com/zufang/HZ2156394344716697600.html,2026-05-03 21:49:35,30.40478,120.269
xingqiao,整租·融创融耀之城 3室2厅 南,整租,融创融耀之城,临平区-星桥-融创融耀之城,88.90,3室2厅,南,,3200,36.0,,,https://hz.lianjia.com/zufang/HZ2116505181561552896.html,2026-05-03 21:49:35,30.393086,120.242517
xingqiao,整租·枫桥庭 2室2厅 南,整租,枫桥庭,临平区-星桥-枫桥庭,89.00,2室2厅,南,,2550,28.7,,,https://hz.lianjia.com/zufang/HZ2154234447887597568.html,2026-05-03 21:49:35,30.393086,120.242517
xingqiao,整租·经纬美耀湾 4室2厅 跃层 南,整租,经纬美耀湾,临平区-星桥-经纬美耀湾,89.00,4室2厅,,,3600,40.4,,,https://hz.lianjia.com/zufang/HZ2082016289995358208.html,2026-05-03 21:48:49,30.393086,120.242517
xingqiao,整租·苏荷苑 3室2厅 南,整租,苏荷苑,临平区-星桥-苏荷苑,143.95,3室2厅,南,,2600,18.1,,,https://hz.lianjia.com/zufang/HZ2018535334811271168.html,2026-05-03 21:49:06,30.393086,120.242517
xingqiao,整租·汤家锦绣公寓二期 3室2厅 南,整租,汤家锦绣公寓二期,临平区-星桥-汤家锦绣公寓二期,120.00,3室2厅,南,,2700,22.5,,,https://hz.lianjia.com/zufang/HZ2127291752090959872.html,2026-05-03 21:49:06,30.403876,120.244725
xingqiao,整租·金辉蓝光辉逸云筑 4室2厅 南,整租,金辉蓝光辉逸云筑,临平区-星桥-金辉蓝光辉逸云筑,120.00,4室2厅,南,,4800,40.0,,,https://hz.lianjia.com/zufang/HZ2158439596835209216.html,2026-05-03 21:49:06,30.393086,120.242517
xingqiao,整租·通和十二橡树 2室2厅 南,整租,通和十二橡树,临平区-星桥-通和十二橡树,83.09,2室2厅,南,,1700,20.5,,,https://hz.lianjia.com/zufang/HZ2131738668421873664.html,2026-05-03 21:49:06,30.393086,120.242517
xingqiao,整租·星润大厦 1室1厅 南,整租,星润大厦,临平区-星桥-星润大厦,42.51,1室1厅,南,,1400,32.9,,,https://hz.lianjia.com/zufang/HZ2158468820426031104.html,2026-05-03 21:48:58,30.40054,120.25105
xingqiao,合租·汤家锦绣公寓三区 2居室 东/北卧,合租,汤家锦绣公寓三区 2居室 东/北卧,临平区-星桥-汤家锦绣公寓三区,70.00,,,,2000,28.6,,,https://hz.lianjia.com/zufang/HZ2158800626107023360.html,2026-05-03 21:48:58,30.408085,120.240484
xingqiao,整租·金辉蓝光辉逸云筑 3室2厅 南,整租,金辉蓝光辉逸云筑,临平区-星桥-金辉蓝光辉逸云筑,89.00,3室2厅,南,,3300,37.1,,,https://hz.lianjia.com/zufang/HZ2158860574979522560.html,2026-05-03 21:48:58,30.393086,120.242517
xingqiao,整租·月映星语园 3室2厅 南,整租,月映星语园,临平区-星桥-月映星语园,106.00,3室2厅,南,,4500,42.5,,,https://hz.lianjia.com/zufang/HZ2158865342120591360.html,2026-05-03 21:48:58,30.393086,120.242517
xingqiao,合租·星润大厦 3居室 南卧,合租,星润大厦 3居室 南卧,临平区-星桥-星润大厦,46.00,,,,1300,28.3,,,https://hz.lianjia.com/zufang/HZ2158937669030117376.html,2026-05-03 21:48:58,30.417947,120.243564
xingqiao,整租·广厦天都城天月苑 2室1厅 南,整租,广厦天都城天月苑,临平区-星桥-广厦天都城天月苑,90.00,2室1厅,南,,2100,23.3,,,https://hz.lianjia.com/zufang/HZ2159197648874110976.html,2026-05-03 21:48:58,30.388509,120.240141
xingqiao,整租·枫桥庭 3室2厅 南,整租,枫桥庭,临平区-星桥-枫桥庭,84.95,3室2厅,南,,3500,41.2,,,https://hz.lianjia.com/zufang/HZ2154117678799781888.html,2026-05-03 21:48:58,30.393086,120.242517
xingqiao,整租·桐鹤名苑一区 2室1厅 东南,整租,桐鹤名苑一区,临平区-星桥-桐鹤名苑一区,65.00,2室1厅,东南,,1650,25.4,,,https://hz.lianjia.com/zufang/HZ2155167351522197504.html,2026-05-03 21:48:58,30.38485,120.25702
xingqiao,整租·瑞金华丽嘉苑 3室1厅 东/南/北,整租,瑞金华丽嘉苑,临平区-星桥-瑞金华丽嘉苑,91.08,3室1厅,东/南/北,,1700,18.7,,,https://hz.lianjia.com/zufang/HZ1813898389364932608.html,2026-05-03 21:48:58,30.393086,120.242517
xingqiao,合租·广厦天都城爱尚公寓 5居室 南卧,合租,广厦天都城爱尚公寓 5居室 南卧,临平区-星桥-广厦天都城爱尚公寓,15.00,,,,1300,86.7,,,https://hz.lianjia.com/zufang/HZ1837421410889236480.html,2026-05-03 21:48:58,30.388509,120.240141
xingqiao,整租·广厦天都城天湖苑 6室1厅 南,整租,广厦天都城天湖苑,临平区-星桥-广厦天都城天湖苑,225.00,6室1厅,南,,3500,15.6,,,https://hz.lianjia.com/zufang/HZ1838777301379055616.html,2026-05-03 21:48:58,30.388509,120.240141
xingqiao,整租·广厦天都城蓝调苑 3室2厅 南,整租,广厦天都城蓝调苑,临平区-星桥-广厦天都城蓝调苑,108.00,3室2厅,南,,3500,32.4,,,https://hz.lianjia.com/zufang/HZ2157150281991716864.html,2026-05-03 21:49:06,30.388509,120.240141
xingqiao,整租·嘉和银领时代 3室1厅 南/北,整租,嘉和银领时代,临平区-星桥-嘉和银领时代,87.00,3室1厅,南/北,,2300,26.4,,,https://hz.lianjia.com/zufang/HZ2057372569140461568.html,2026-05-03 21:49:06,30.393086,120.242517
xingqiao,合租·锦上庭 3居室 南卧,合租,锦上庭 3居室 南卧,临平区-星桥-锦上庭,50.00,,,,2500,50.0,,,https://hz.lianjia.com/zufang/HZ2084867909632393216.html,2026-05-03 21:49:06,30.40478,120.269
xingqiao,整租·广厦天都城天风苑 4室2厅 南,整租,广厦天都城天风苑,临平区-星桥-广厦天都城天风苑,180.00,4室2厅,南,,3500,19.4,,,https://hz.lianjia.com/zufang/HZ1877264452521295872.html,2026-05-03 21:49:06,30.388509,120.240141
xingqiao,整租·滨沁公寓 3室2厅 南,整租,滨沁公寓,临平区-星桥-滨沁公寓,88.23,3室2厅,南,,3000,34.0,,,https://hz.lianjia.com/zufang/HZ2137381646926610432.html,2026-05-03 21:49:50,30.393086,120.242517
xingqiao,合租·太平永顺苑 2居室 东北卧,合租,太平永顺苑 2居室 东北卧,临平区-星桥-太平永顺苑,65.00,,,,2000,30.8,,,https://hz.lianjia.com/zufang/HZ2161680855448158208.html,2026-05-03 21:49:50,30.393086,120.242517
xingqiao,整租·桐鹤名苑一区 2室1厅 南,整租,桐鹤名苑一区,临平区-星桥-桐鹤名苑一区,80.00,2室1厅,南,,2200,27.5,,,https://hz.lianjia.com/zufang/HZ2152752276433797120.html,2026-05-03 21:49:06,30.38485,120.25702
xingqiao,整租·广厦天都城尚棠源筑 4室2厅 南,整租,广厦天都城尚棠源筑,临平区-星桥-广厦天都城尚棠源筑,145.00,4室2厅,南,,4000,27.6,,,https://hz.lianjia.com/zufang/HZ2110963996294119424.html,2026-05-03 21:49:06,30.388509,120.240141
xingqiao,整租·广厦天都城天河苑 2室1厅 西,整租,广厦天都城天河苑,临平区-星桥-广厦天都城天河苑,70.00,2室1厅,西,,2000,28.6,,,https://hz.lianjia.com/zufang/HZ2150799200718159872.html,2026-05-03 21:49:35,30.388509,120.240141
xingqiao,整租·卓悦华庭（临平区） 4室2厅 南,整租,卓悦华庭（临平区）,临平区-星桥-卓悦华庭,118.00,4室2厅,南,,2200,18.6,,,https://hz.lianjia.com/zufang/HZ2110304455151845376.html,2026-05-03 21:49:35,30.393086,120.242517
xingqiao,整租·广厦天都城天星苑 3室2厅 南,整租,广厦天都城天星苑,临平区-星桥-广厦天都城天星苑,86.23,3室2厅,南,,2300,26.7,,,https://hz.lianjia.com/zufang/HZ2147307491606659072.html,2026-05-03 21:49:35,30.388509,120.240141
xingqiao,整租·苏荷苑 3室2厅 南,整租,苏荷苑,临平区-星桥-苏荷苑,134.66,3室2厅,南,,3400,25.2,,,https://hz.lianjia.com/zufang/HZ2151641651146129408.html,2026-05-03 21:49:35,30.393086,120.242517
xingqiao,整租·美好桂花金座 2室2厅 南,整租,美好桂花金座,临平区-星桥-美好桂花金座,75.41,2室2厅,南,,2300,30.5,,,https://hz.lianjia.com/zufang/HZ2154152218066944000.html,2026-05-03 21:49:35,30.393086,120.242517
xingqiao,整租·广厦天都城蓝调苑 2室2厅 西,整租,广厦天都城蓝调苑,临平区-星桥-广厦天都城蓝调苑,91.00,2室2厅,西,,3400,37.4,,,https://hz.lianjia.com/zufang/HZ2143371613330997248.html,2026-05-03 21:49:35,30.388509,120.240141
xingqiao,整租·滨沁公寓 2室1厅 西南,整租,滨沁公寓,临平区-星桥-滨沁公寓,60.00,2室1厅,西南,,1900,31.7,,,https://hz.lianjia.com/zufang/HZ2107699783496892416.html,2026-05-03 21:49:35,30.393086,120.242517
xingqiao,整租·擎天半岛 3室2厅 南,整租,擎天半岛,临平区-星桥-擎天半岛,89.00,3室2厅,南,,2500,28.1,,,https://hz.lianjia.com/zufang/HZ2157354250986848256.html,2026-05-03 21:49:35,30.4024,120.265575
xingqiao,整租·擎天半岛 4室2厅 南,整租,擎天半岛,临平区-星桥-擎天半岛,139.00,4室2厅,南,,4000,28.8,,,https://hz.lianjia.com/zufang/HZ2157382914390622208.html,2026-05-03 21:49:50,30.4024,120.265575
xingqiao,整租·太平家园 2室2厅 南,整租,太平家园,临平区-星桥-太平家园,90.00,2室2厅,南,,1600,17.8,,,https://hz.lianjia.com/zufang/HZ2142934167367712768.html,2026-05-03 21:49:50,30.393086,120.242517
xingqiao,整租·太平家园 2室2厅 南,整租,太平家园,临平区-星桥-太平家园,60.00,2室2厅,南,,1400,23.3,,,https://hz.lianjia.com/zufang/HZ2147340123526660096.html,2026-05-03 21:49:50,30.393086,120.242517
xingqiao,整租·太平家园 2室1厅 南,整租,太平家园,临平区-星桥-太平家园,60.00,2室1厅,南,,1500,25.0,,,https://hz.lianjia.com/zufang/HZ2153398584349818880.html,2026-05-03 21:49:50,30.393086,120.242517
xingqiao,整租·沁源公寓 3室2厅 南,整租,沁源公寓,临平区-星桥-沁源公寓,89.00,3室2厅,南,,2500,28.1,,,https://hz.lianjia.com/zufang/HZ2160232040765587456.html,2026-05-03 21:49:50,30.393086,120.242517
xingqiao,整租·太平家园 2室2厅 南,整租,太平家园,临平区-星桥-太平家园,95.00,2室2厅,南,,2400,25.3,,,https://hz.lianjia.com/zufang/HZ2143619340455378944.html,2026-05-03 21:49:50,30.393086,120.242517
xingqiao,整租·绿城紫桂公寓 2室2厅 东南,整租,绿城紫桂公寓,临平区-星桥-绿城紫桂公寓,89.00,2室2厅,东南,,2700,30.3,,,https://hz.lianjia.com/zufang/HZ2132768203128963072.html,2026-05-03 21:49:50,30.393086,120.242517
xingqiao,合租·太平家园 2居室 南卧,合租,太平家园 2居室 南卧,临平区-星桥-太平家园,15.00,,,,800,53.3,,,https://hz.lianjia.com/zufang/HZ2120121842214633472.html,2026-05-03 21:49:50,30.40188,120.25483
xingqiao,整租·太平家园 3室2厅 南,整租,太平家园,临平区-星桥-太平家园,120.00,3室2厅,南,,2800,23.3,,,https://hz.lianjia.com/zufang/HZ2158803712707919872.html,2026-05-03 21:49:50,30.393086,120.242517
xingqiao,整租·沁源公寓 3室2厅 南/西/北,整租,沁源公寓,临平区-星桥-沁源公寓,89.00,3室2厅,南/西/北,,2700,30.3,,,https://hz.lianjia.com/zufang/HZ2156298830755135488.html,2026-05-03 21:49:50,30.393086,120.242517
xingqiao,整租·太平家园 2室1厅 南,整租,太平家园,临平区-星桥-太平家园,72.00,2室1厅,南,,1800,25.0,,,https://hz.lianjia.com/zufang/HZ2151156506194608128.html,2026-05-03 21:49:50,30.393086,120.242517
xingqiao,整租·太平家园 2室2厅 南,整租,太平家园,临平区-星桥-太平家园,90.00,2室2厅,南,,1600,17.8,,,https://hz.lianjia.com/zufang/HZ2099736024677613568.html,2026-05-03 21:49:50,30.393086,120.242517
xingqiao,整租·星桥桂花城 2室2厅 南,整租,星桥桂花城,临平区-星桥-星桥桂花城,86.90,2室2厅,南,,2500,28.8,,,https://hz.lianjia.com/zufang/HZ2160573787723005952.html,2026-05-03 21:49:50,30.40054,120.25105
xingqiao,合租·太平家园 4居室 南/北卧,合租,太平家园 4居室 南/北卧,临平区-星桥-太平家园,30.00,,,,650,21.7,,,https://hz.lianjia.com/zufang/HZ2158805254756368384.html,2026-05-03 21:49:50,30.40004,120.25084
xingqiao,整租·广厦天都城天河苑 1室1厅 南,整租,广厦天都城天河苑,临平区-星桥-广厦天都城天河苑,26.00,1室1厅,南,,1200,46.2,,,https://hz.lianjia.com/zufang/HZ2159569709442269184.html,2026-05-03 21:49:50,30.388509,120.240141
xingqiao,整租·星润大厦 2室1厅 东,整租,星润大厦,临平区-星桥-星润大厦,42.00,2室1厅,东,,2300,54.8,,,https://hz.lianjia.com/zufang/HZ2137044159213600768.html,2026-05-03 21:49:50,30.40054,120.25105
xingqiao,合租·桐鹤名苑一区 2居室 南卧,合租,桐鹤名苑一区 2居室 南卧,临平区-星桥-桐鹤名苑一区,65.00,,,,1600,24.6,,,https://hz.lianjia.com/zufang/HZ2159163263915393024.html,2026-05-03 21:49:50,30.384679,120.25723
xingqiao,整租·天水苑 2室1厅 南,整租,天水苑,临平区-星桥-天水苑,89.00,2室1厅,南,,2500,28.1,,,https://hz.lianjia.com/zufang/HZ2130136458290266112.html,2026-05-03 21:49:50,30.38585,120.250517
xingqiao,整租·广厦天都城天河苑 1室1厅 东,整租,广厦天都城天河苑,临平区-星桥-广厦天都城天河苑,72.03,1室1厅,东,,1200,16.7,,,https://hz.lianjia.com/zufang/HZ2148394505760407552.html,2026-05-03 21:49:50,30.388509,120.240141
xingqiao,整租·擎天半岛 3室2厅 东南,整租,擎天半岛,临平区-星桥-擎天半岛,89.00,3室2厅,东南,,2000,22.5,,,https://hz.lianjia.com/zufang/HZ2151340989099278336.html,2026-05-03 21:49:50,30.4024,120.265575
xingqiao,整租·太平家园 4室2厅 南,整租,太平家园,临平区-星桥-太平家园,138.00,4室2厅,南,,1800,13.0,,,https://hz.lianjia.com/zufang/HZ2137774194048368640.html,2026-05-03 21:49:57,30.393086,120.242517
xingqiao,合租·卓悦华庭（临平区） 3居室 南卧,合租,卓悦华庭（临平区） 3居室 南卧,临平区-星桥-卓悦华庭,60.00,,,,2100,35.0,,,https://hz.lianjia.com/zufang/HZ2159624046310850560.html,2026-05-03 21:49:57,30.381907,120.158577
xingqiao,整租·广厦天都城天泉苑 3室2厅 南/北,整租,广厦天都城天泉苑,临平区-星桥-广厦天都城天泉苑,127.70,3室2厅,南/北,,1900,14.9,,,https://hz.lianjia.com/zufang/HZ1880922275943809024.html,2026-05-03 21:49:57,30.388509,120.240141
xingqiao,整租·锦上庭 2室1厅 南,整租,锦上庭,临平区-星桥-锦上庭,60.00,2室1厅,南,,1800,30.0,,,https://hz.lianjia.com/zufang/HZ2147367035527495680.html,2026-05-03 21:49:57,30.40478,120.269
xingqiao,整租·通和十二橡树 2室2厅 南,整租,通和十二橡树,临平区-星桥-通和十二橡树,83.00,2室2厅,南,,2300,27.7,,,https://hz.lianjia.com/zufang/HZ2158480256753729536.html,2026-05-03 21:49:57,30.393086,120.242517
xingqiao,整租·广厦天都城蓝调苑 2室2厅 南/北,整租,广厦天都城蓝调苑,临平区-星桥-广厦天都城蓝调苑,89.00,2室2厅,南/北,,2800,31.5,,,https://hz.lianjia.com/zufang/HZ2131626146922496000.html,2026-05-03 21:49:57,30.388509,120.240141
xingqiao,整租·滨沁公寓 3室1厅 东南,整租,滨沁公寓,临平区-星桥-滨沁公寓,89.19,3室1厅,东南,,1800,20.2,,,https://hz.lianjia.com/zufang/HZ1880448907570315264.html,2026-05-03 21:49:57,30.393086,120.242517
xingqiao,整租·广厦天都城蓝调苑 2室2厅 南,整租,广厦天都城蓝调苑,临平区-星桥-广厦天都城蓝调苑,89.63,2室2厅,南,,3300,36.8,,,https://hz.lianjia.com/zufang/HZ2157089697757659136.html,2026-05-03 21:49:57,30.388509,120.240141
xingqiao,整租·经纬美耀湾 2室2厅 南,整租,经纬美耀湾,临平区-星桥-经纬美耀湾,85.00,2室2厅,南,,2200,25.9,,,https://hz.lianjia.com/zufang/HZ2158786178365521920.html,2026-05-03 21:49:57,30.393086,120.242517
xingqiao,整租·广厦天都城天河苑 2室1厅 南,整租,广厦天都城天河苑,临平区-星桥-广厦天都城天河苑,53.95,2室1厅,南,,1800,33.4,,,https://hz.lianjia.com/zufang/HZ2158504657020780544.html,2026-05-03 21:49:57,30.388509,120.240141
xingqiao,整租·广厦天都城天河苑 1室1厅 西,整租,广厦天都城天河苑,临平区-星桥-广厦天都城天河苑,54.00,1室1厅,西,,1600,29.6,,,https://hz.lianjia.com/zufang/HZ2141432608230211584.html,2026-05-03 21:49:57,30.388509,120.240141
xingqiao,合租·苏荷苑 3居室 南卧,合租,苏荷苑 3居室 南卧,临平区-星桥-苏荷苑,80.00,,,,2300,28.8,,,https://hz.lianjia.com/zufang/HZ2066763301412405248.html,2026-05-03 21:49:57,30.40188,120.25483
xingqiao,整租·星润大厦 2室2厅 南,整租,星润大厦,临平区-星桥-星润大厦,39.60,2室2厅,南,,1900,48.0,,,https://hz.lianjia.com/zufang/HZ1828268973771194368.html,2026-05-03 21:50:07,30.40054,120.25105
xingqiao,整租·惠都家园 2室2厅 南,整租,惠都家园,临平区-星桥-惠都家园,83.52,2室2厅,南,,2100,25.1,,,https://hz.lianjia.com/zufang/HZ1842491954781224960.html,2026-05-03 21:50:07,30.398126,120.264496
xingqiao,整租·学成府 3室2厅 南,整租,学成府,临平区-星桥-学成府,110.06,3室2厅,南,,2400,21.8,,,https://hz.lianjia.com/zufang/HZ2017892729031229440.html,2026-05-03 21:50:07,30.39775,120.25414
xingqiao,整租·星润大厦 2室1厅 南,整租,星润大厦,临平区-星桥-星润大厦,40.14,2室1厅,南,,2100,52.3,,,https://hz.lianjia.com/zufang/HZ2023721312647643136.html,2026-05-03 21:50:07,30.40054,120.25105
xingqiao,整租·惠都家园 2室2厅 南,整租,惠都家园,临平区-星桥-惠都家园,82.33,2室2厅,南,,2200,26.7,,,https://hz.lianjia.com/zufang/HZ2025859918166228992.html,2026-05-03 21:50:07,30.398126,120.264496
xingqiao,整租·学成府 3室2厅 南,整租,学成府,临平区-星桥-学成府,109.70,3室2厅,南,,2500,22.8,,,https://hz.lianjia.com/zufang/HZ1859935374390853632.html,2026-05-03 21:50:07,30.39775,120.25414
xingqiao,整租·星润大厦 3室1厅 西,整租,星润大厦,临平区-星桥-星润大厦,45.47,3室1厅,西,,1985,43.7,,,https://hz.lianjia.com/zufang/HZ1879404964913086464.html,2026-05-03 21:50:07,30.40054,120.25105
xingqiao,整租·太平家园 2室2厅 南,整租,太平家园,临平区-星桥-太平家园,72.08,2室2厅,南,,1900,26.4,,,https://hz.lianjia.com/zufang/HZ1879101453922992128.html,2026-05-03 21:50:07,30.393086,120.242517
xingqiao,整租·星润大厦 2室1厅 东,整租,星润大厦,临平区-星桥-星润大厦,40.00,2室1厅,东,,1227,30.7,,,https://hz.lianjia.com/zufang/HZ1893945060911742976.html,2026-05-03 21:50:07,30.40054,120.25105
xingqiao,整租·星润大厦 1室1厅 东,整租,星润大厦,临平区-星桥-星润大厦,40.00,1室1厅,东,,1227,30.7,,,https://hz.lianjia.com/zufang/HZ1893945060920131584.html,2026-05-03 21:50:07,30.40054,120.25105
xingqiao,整租·惠都家园 2室1厅 南,整租,惠都家园,临平区-星桥-惠都家园,82.30,2室1厅,南,,2100,25.5,,,https://hz.lianjia.com/zufang/HZ1895382296710610944.html,2026-05-03 21:50:15,30.398126,120.264496
xingqiao,整租·星润大厦 2室2厅 跃层 南,整租,星润大厦,临平区-星桥-星润大厦,33.04,2室2厅,,,2200,66.6,,,https://hz.lianjia.com/zufang/HZ1899105737641033728.html,2026-05-03 21:50:15,30.40054,120.25105
xingqiao,整租·广厦天都城紫韵公寓 2室2厅 南,整租,广厦天都城紫韵公寓,临平区-星桥-广厦天都城紫韵公寓,80.51,2室2厅,南,,2200,27.3,,,https://hz.lianjia.com/zufang/HZ1899062596552622080.html,2026-05-03 21:50:15,30.388509,120.240141
xingqiao,整租·星润大厦 1室1厅 东,整租,星润大厦,临平区-星桥-星润大厦,40.00,1室1厅,东,,1400,35.0,,,https://hz.lianjia.com/zufang/HZ1899451275041308672.html,2026-05-03 21:50:15,30.40054,120.25105
xingqiao,整租·广厦天都城天河苑 2室1厅 南/北,整租,广厦天都城天河苑,临平区-星桥-广厦天都城天河苑,59.02,2室1厅,南/北,,1800,30.5,,,https://hz.lianjia.com/zufang/HZ1906014052493033472.html,2026-05-03 21:50:15,30.388509,120.240141
xingqiao,整租·星润大厦 1室1厅 东,整租,星润大厦,临平区-星桥-星润大厦,40.00,1室1厅,东,,1400,35.0,,,https://hz.lianjia.com/zufang/HZ1907849142428762112.html,2026-05-03 21:50:15,30.40054,120.25105
xingqiao,整租·沁源公寓 2室2厅 南,整租,沁源公寓,临平区-星桥-沁源公寓,88.05,2室2厅,南,,2300,26.1,,,https://hz.lianjia.com/zufang/HZ2158114397480812544.html,2026-05-03 21:50:46,30.393086,120.242517
xingqiao,整租·广厦天都城天河苑 1室1厅 南,整租,广厦天都城天河苑,临平区-星桥-广厦天都城天河苑,25.68,1室1厅,南,,900,35.0,,,https://hz.lianjia.com/zufang/HZ2158163156130594816.html,2026-05-03 21:50:46,30.388509,120.240141
xingqiao,整租·星雅嘉园逸品苑 3室1厅 南,整租,星雅嘉园逸品苑,临平区-星桥-星雅嘉园逸品苑,99.67,3室1厅,南,,2200,22.1,,,https://hz.lianjia.com/zufang/HZ2159218689289748480.html,2026-05-03 21:50:46,30.40054,120.25105
xingqiao,整租·星运丽园 1室1厅 东南,整租,星运丽园,临平区-星桥-星运丽园,50.64,1室1厅,东南,,1600,31.6,,,https://hz.lianjia.com/zufang/HZ2159594834174672896.html,2026-05-03 21:50:46,30.40054,120.25105
xingqiao,整租·五月花城 2室2厅 南/北,整租,五月花城,临平区-星桥-五月花城,89.11,2室2厅,南/北,,1980,22.2,,,https://hz.lianjia.com/zufang/HZ2159950641449926656.html,2026-05-03 21:50:46,30.393086,120.242517
xingqiao,整租·金辉蓝光辉逸云筑 1室0厅 南,整租,金辉蓝光辉逸云筑,临平区-星桥-金辉蓝光辉逸云筑,38.00,1室0厅,南,,1500,39.5,,,https://hz.lianjia.com/zufang/HZ2037038488435556352.html,2026-05-03 21:50:15,30.393086,120.242517
xingqiao,整租·金辉蓝光辉逸云筑 1室1厅 北,整租,金辉蓝光辉逸云筑,临平区-星桥-金辉蓝光辉逸云筑,35.00,1室1厅,北,,1350,38.6,,,https://hz.lianjia.com/zufang/HZ2037117596288942080.html,2026-05-03 21:50:15,30.393086,120.242517
xingqiao,整租·金辉蓝光辉逸云筑 1室1厅 南,整租,金辉蓝光辉逸云筑,临平区-星桥-金辉蓝光辉逸云筑,28.00,1室1厅,南,,1350,48.2,,,https://hz.lianjia.com/zufang/HZ2037036287881379840.html,2026-05-03 21:50:15,30.393086,120.242517
xingqiao,整租·美好桂花金座 3室2厅 南,整租,美好桂花金座,临平区-星桥-美好桂花金座,134.61,3室2厅,南,,2900,21.5,,,https://hz.lianjia.com/zufang/HZ2047896678945521664.html,2026-05-03 21:50:15,30.393086,120.242517
xingqiao,整租·广厦天都城天泉苑 3室2厅 南,整租,广厦天都城天泉苑,临平区-星桥-广厦天都城天泉苑,101.16,3室2厅,南,,2300,22.7,,,https://hz.lianjia.com/zufang/HZ2050926417926946816.html,2026-05-03 21:50:15,30.388509,120.240141
xingqiao,整租·沁源公寓 3室2厅 南,整租,沁源公寓,临平区-星桥-沁源公寓,88.69,3室2厅,南,,2500,28.2,,,https://hz.lianjia.com/zufang/HZ2160654163082477568.html,2026-05-03 21:50:46,30.393086,120.242517
xingqiao,整租·滨沁公寓 4室2厅 南,整租,滨沁公寓,临平区-星桥-滨沁公寓,114.25,4室2厅,南,,2800,24.5,,,https://hz.lianjia.com/zufang/HZ2160716647319470080.html,2026-05-03 21:50:46,30.393086,120.242517
xingqiao,整租·广厦天都城天星苑 3室2厅 南,整租,广厦天都城天星苑,临平区-星桥-广厦天都城天星苑,83.21,3室2厅,南,,2400,28.8,,,https://hz.lianjia.com/zufang/HZ2161086896019603456.html,2026-05-03 21:50:15,30.388509,120.240141
xingqiao,整租·星润大厦 2室1厅 南,整租,星润大厦,临平区-星桥-星润大厦,38.02,2室1厅,南,,2200,57.9,,,https://hz.lianjia.com/zufang/HZ1925141768269987840.html,2026-05-03 21:50:15,30.40054,120.25105
xingqiao,整租·星润大厦 2室1厅 南,整租,星润大厦,临平区-星桥-星润大厦,34.75,2室1厅,南,,1900,54.7,,,https://hz.lianjia.com/zufang/HZ1940721979698970624.html,2026-05-03 21:50:15,30.40054,120.25105
xingqiao,整租·广厦天都城天河苑 1室1厅 东,整租,广厦天都城天河苑,临平区-星桥-广厦天都城天河苑,33.38,1室1厅,东,,1300,38.9,,,https://hz.lianjia.com/zufang/HZ1938907092878360576.html,2026-05-03 21:50:15,30.388509,120.240141
xingqiao,整租·七彩星商业中心 2室1厅 东,整租,七彩星商业中心,临平区-星桥-七彩星商业中心,30.00,2室1厅,东,,1600,53.3,,,https://hz.lianjia.com/zufang/HZ1955604589570949120.html,2026-05-03 21:50:15,30.393086,120.242517
xingqiao,整租·沁源公寓 3室2厅 南,整租,沁源公寓,临平区-星桥-沁源公寓,89.16,3室2厅,南,,2300,25.8,,,https://hz.lianjia.com/zufang/HZ2151292087037853696.html,2026-05-03 21:50:46,30.393086,120.242517
xingqiao,整租·擎天半岛 3室2厅 南,整租,擎天半岛,临平区-星桥-擎天半岛,113.51,3室2厅,南,,2800,24.7,,,https://hz.lianjia.com/zufang/HZ2153146982904889344.html,2026-05-03 21:50:46,30.4024,120.265575
xingqiao,整租·滨沁公寓 4室1厅 南,整租,滨沁公寓,临平区-星桥-滨沁公寓,115.86,4室1厅,南,,3500,30.2,,,https://hz.lianjia.com/zufang/HZ2153741271120740352.html,2026-05-03 21:50:46,30.393086,120.242517
xingqiao,整租·广厦天都城天河苑 1室0厅 南,整租,广厦天都城天河苑,临平区-星桥-广厦天都城天河苑,27.27,1室0厅,南,,1100,40.3,,,https://hz.lianjia.com/zufang/HZ2154864516217700352.html,2026-05-03 21:50:46,30.388509,120.240141
xingqiao,整租·广厦天都城天风苑 2室2厅 南,整租,广厦天都城天风苑,临平区-星桥-广厦天都城天风苑,84.90,2室2厅,南,,2100,24.7,,,https://hz.lianjia.com/zufang/HZ2155586734342012928.html,2026-05-03 21:50:46,30.388509,120.240141
