region,title,rent_type,community,location,area,rooms,direction,floor,price,unit_price,tags,source,url,scraped_at,lat,lng
liangzhu,整租·万科未来城二期 3室2厅 南,整租,万科未来城二期,余杭区-良渚-万科未来城二期,118.16,3室2厅,南,,4000,33.9,,,https://hz.lianjia.com/zufang/HZ2159641981347692544.html,2026-05-03 23:21:49,30.362888,120.045623
liangzhu,整租·奥克斯缔逸城 1室1厅 东南/南,整租,奥克斯缔逸城,余杭区-良渚-奥克斯缔逸城,45.74,1室1厅,东南/南,,1800,39.4,,,https://hz.lianjia.com/zufang/HZ2144430972613951488.html,2026-05-03 23:21:49,30.424074,120.046175
liangzhu,整租·玉都枫景 4室2厅 南/北,整租,玉都枫景,余杭区-良渚-玉都枫景,139.30,4室2厅,南/北,,3300,23.7,,,https://hz.lianjia.com/zufang/HZ2159520536865013760.html,2026-05-03 23:21:49,30.371691,120.045203
liangzhu,合租·万科未来城二期 4居室 南卧,合租,万科未来城二期 4居室 南卧,余杭区-良渚-万科未来城二期,9.00,,,,902,100.2,,,https://hz.lianjia.com/zufang/HZ2112071274812407808.html,2026-05-03 23:21:49,30.362888,120.045623
liangzhu,整租·碧水澜天华庭 3室2厅 南,整租,碧水澜天华庭,余杭区-良渚-碧水澜天华庭,89.30,3室2厅,南,,3500,39.2,,,https://hz.lianjia.com/zufang/HZ2151561195876777984.html,2026-05-03 23:27:11,30.384134,120.111837
liangzhu,合租·碧水澜天华庭 4居室 北卧,合租,碧水澜天华庭 4居室 北卧,余杭区-良渚-碧水澜天华庭,7.30,,,,860,117.8,,,https://hz.lianjia.com/zufang/HZ2113564112339337216.html,2026-05-03 23:21:52,30.389453,120.053052
liangzhu,整租·上实白洋港城一期 3室1厅 南,整租,上实白洋港城一期,余杭区-良渚-上实白洋港城一期,87.85,3室1厅,南,,2900,33.0,,,https://hz.lianjia.com/zufang/HZ2065076818708267008.html,2026-05-03 23:27:04,30.351287,120.074562
liangzhu,整租·万科未来城二期 4室2厅 南,整租,万科未来城二期,余杭区-良渚-万科未来城二期,131.81,4室2厅,南,,4300,32.6,,,https://hz.lianjia.com/zufang/HZ2140297486294581248.html,2026-05-03 23:22:16,30.362888,120.045623
liangzhu,整租·和光尘樾轩 3室0厅 南,整租,和光尘樾轩,余杭区-良渚-和光尘樾轩,40.00,3室0厅,南,,1200,30.0,,,https://hz.lianjia.com/zufang/HZ1859462267863564288.html,2026-05-03 23:27:04,30.384134,120.111837
liangzhu,合租·越秀星汇悦城 5居室 东卧,合租,越秀星汇悦城 5居室 东卧,余杭区-良渚-越秀星汇悦城,15.00,,,,1230,82.0,,,https://hz.lianjia.com/zufang/HZ2137543697955291136.html,2026-05-03 23:21:49,30.35492,120.06523
liangzhu,整租·和光尘樾轩 3室0厅 南,整租,和光尘樾轩,余杭区-良渚-和光尘樾轩,30.00,3室0厅,南,,1050,35.0,,,https://hz.lianjia.com/zufang/HZ1942194059586043904.html,2026-05-03 23:26:54,30.384134,120.111837
liangzhu,合租·奥克斯缔逸城 5居室 北卧,合租,奥克斯缔逸城 5居室 北卧,余杭区-良渚-奥克斯缔逸城,6.54,,,,860,131.5,,,https://hz.lianjia.com/zufang/HZ2161521367244079104.html,2026-05-03 23:21:52,30.424074,120.046175
liangzhu,整租·万科未来城三期梦溪里 4室2厅 南,整租,万科未来城三期梦溪里,余杭区-良渚-万科未来城三期梦溪里,125.00,4室2厅,南,,5100,40.8,,,https://hz.lianjia.com/zufang/HZ2153329571577987072.html,2026-05-03 23:26:09,30.367897,120.049552
liangzhu,独栋·喜乐公寓 紫金生活广场店 白洋站地铁口精装一室可月付 1室1厅,独栋,喜乐公寓 紫金生活广场店 白洋站地铁口精装一室可月付,,25.00,1室1厅,,,1550,62.0,,,https://hz.lianjia.com/apartment/82484.html,2026-05-03 23:21:49,30.06288,119.9309
liangzhu,整租·天阳棕榈湾一期 2室2厅 南,整租,天阳棕榈湾一期,余杭区-良渚-天阳棕榈湾一期,88.00,2室2厅,南,,3000,34.1,,,https://hz.lianjia.com/zufang/HZ2156628658452692992.html,2026-05-03 23:24:24,30.360754,120.076483
liangzhu,独栋·喜乐公寓 三墩店 【国庆钜惠】精装修可月付 卫浴干湿分离包网费 1室1厅,独栋,喜乐公寓 三墩店 【国庆钜惠】精装修可月付 卫浴干湿分离包网费,,23.36,1室1厅,,,1400-1450,,,,https://hz.lianjia.com/apartment/82483.html,2026-05-03 23:21:49,30.201306,120.391449
liangzhu,整租·良渚文化村竹径茶语 5室2厅 南,整租,良渚文化村竹径茶语,余杭区-良渚-良渚文化村竹径茶语,182.00,5室2厅,南,,4900,26.9,,,https://hz.lianjia.com/zufang/HZ2118979230917197824.html,2026-05-03 23:25:36,30.374721,120.014867
liangzhu,整租·万科未来城二期 4室2厅 南,整租,万科未来城二期,余杭区-良渚-万科未来城二期,119.00,4室2厅,南,,4600,38.7,,,https://hz.lianjia.com/zufang/HZ2158489772878725120.html,2026-05-03 23:23:28,30.362888,120.045623
liangzhu,整租·缦云坊 4室2厅 南,整租,缦云坊,余杭区-良渚-缦云坊,135.00,4室2厅,南,,4300,31.9,,,https://hz.lianjia.com/zufang/HZ2132013287343128576.html,2026-05-03 23:21:49,30.384134,120.111837
liangzhu,合租·中国铁建西湖国际城 3居室 南卧,合租,中国铁建西湖国际城 3居室 南卧,西湖-良渚-中国铁建西湖国际城,22.00,,,,1480,67.3,,,https://hz.lianjia.com/zufang/HZ1664502652462956544.html,2026-05-03 23:21:49,30.126022,120.104677
liangzhu,整租·良渚十六街区 2室2厅 南,整租,良渚十六街区,余杭区-良渚-良渚十六街区,86.00,2室2厅,南,,2700,31.4,,,https://hz.lianjia.com/zufang/HZ2138505030578208768.html,2026-05-03 23:23:15,30.380097,120.046612
liangzhu,整租·上亿SOHO 2室1厅 西南,整租,上亿SOHO,余杭区-良渚-上亿,80.00,2室1厅,西南,,2500,31.2,,,https://hz.lianjia.com/zufang/HZ2121888239458451456.html,2026-05-03 23:23:24,30.384134,120.111837
liangzhu,整租·良渚文化村柳映坊一期 4室2厅 南,整租,良渚文化村柳映坊一期,余杭区-良渚-良渚文化村柳映坊一期,204.00,4室2厅,南,,7000,34.3,,,https://hz.lianjia.com/zufang/HZ2152682304688881664.html,2026-05-03 23:24:10,30.359882,120.024048
liangzhu,整租·万科未来之光 1室1厅 南,整租,万科未来之光,余杭区-良渚-万科未来之光,30.00,1室1厅,南,,1800,60.0,,,https://hz.lianjia.com/zufang/HZ2153441450107338752.html,2026-05-03 23:26:09,30.36968,120.02285
liangzhu,整租·书韵名邸 1室1厅 东南,整租,书韵名邸,余杭区-良渚-书韵名邸,26.49,1室1厅,东南,,1240,46.8,,,https://hz.lianjia.com/zufang/HZ2089021054868520960.html,2026-05-03 23:27:04,30.383002,120.045128
liangzhu,整租·玉都枫景 3室2厅 西,整租,玉都枫景,余杭区-良渚-玉都枫景,118.00,3室2厅,西,,3500,29.7,,,https://hz.lianjia.com/zufang/HZ2150512156167110656.html,2026-05-03 23:25:42,30.371691,120.045203
liangzhu,整租·万科未来城三期梦溪里 4室2厅 南,整租,万科未来城三期梦溪里,余杭区-良渚-万科未来城三期梦溪里,125.30,4室2厅,南,,4800,38.3,,,https://hz.lianjia.com/zufang/HZ2147954587313635328.html,2026-05-03 23:27:11,30.367897,120.049552
liangzhu,整租·奥克斯缔逸城 1室1厅 东,整租,奥克斯缔逸城,余杭区-良渚-奥克斯缔逸城,50.03,1室1厅,东,,1900,38.0,,,https://hz.lianjia.com/zufang/HZ1811824729770688512.html,2026-05-03 23:27:04,30.424074,120.046175
liangzhu,整租·良渚文化村白鹭郡东 3室2厅 南,整租,良渚文化村白鹭郡东,余杭区-良渚-良渚文化村白鹭郡东,126.84,3室2厅,南,,3500,27.6,,,https://hz.lianjia.com/zufang/HZ2159525612862046208.html,2026-05-03 23:21:52,30.365944,120.02439
liangzhu,整租·联发亚澜湾 3室2厅 南,整租,联发亚澜湾,余杭区-良渚-联发亚澜湾,89.81,3室2厅,南,,4300,47.9,,,https://hz.lianjia.com/zufang/HZ2125919136801357824.html,2026-05-03 23:21:52,30.365039,120.058319
liangzhu,整租·九衡公寓 3室2厅 南,整租,九衡公寓,余杭区-良渚-九衡公寓,103.91,3室2厅,南,,2600,25.0,,,https://hz.lianjia.com/zufang/HZ2154523887776301056.html,2026-05-03 23:21:55,30.384134,120.111837
liangzhu,合租·未来城一期 4居室 西卧,合租,未来城一期 4居室 西卧,余杭区-良渚-未来城一期,8.70,,,,1030,118.4,,,https://hz.lianjia.com/zufang/HZ2106948802337308672.html,2026-05-03 23:21:52,30.36483,120.04944
liangzhu,整租·和光尘樾轩 3室0厅 北,整租,和光尘樾轩,余杭区-良渚-和光尘樾轩,15.00,3室0厅,北,,600,40.0,,,https://hz.lianjia.com/zufang/HZ1952016048005840896.html,2026-05-03 23:26:54,30.384134,120.111837
liangzhu,合租·奥克斯缔逸城 5居室 南卧,合租,奥克斯缔逸城 5居室 南卧,余杭区-良渚-奥克斯缔逸城,11.28,,,,1030,91.3,,,https://hz.lianjia.com/zufang/HZ2141430664229027840.html,2026-05-03 23:21:52,30.424074,120.046175
liangzhu,整租·万科未来之光 1室1厅 南,整租,万科未来之光,余杭区-良渚-万科未来之光,36.49,1室1厅,南,,1800,49.3,,,https://hz.lianjia.com/zufang/HZ2149810986603773952.html,2026-05-03 23:25:42,30.36968,120.02285
liangzhu,合租·云西雅苑二区 4居室 南卧,合租,云西雅苑二区 4居室 南卧,西湖区-良渚-云西雅苑二区,11.97,,,,1490,124.5,,,https://hz.lianjia.com/zufang/HZ2116749549463666688.html,2026-05-03 23:21:52,30.334768,120.046673
liangzhu,整租·溪谷岚湾 3室1厅 南/北,整租,溪谷岚湾,余杭区-良渚-溪谷岚湾,97.00,3室1厅,南/北,,3500,36.1,,,https://hz.lianjia.com/zufang/HZ2157095012611915776.html,2026-05-03 23:23:28,30.399463,120.008413
liangzhu,合租·奥克斯缔逸城 4居室 南卧,合租,奥克斯缔逸城 4居室 南卧,余杭区-良渚-奥克斯缔逸城,12.56,,,,1260,100.3,,,https://hz.lianjia.com/zufang/HZ2151254708805697536.html,2026-05-03 23:21:52,30.424074,120.046175
liangzhu,合租·奥克斯缔逸城 4居室 南卧,合租,奥克斯缔逸城 4居室 南卧,余杭区-良渚-奥克斯缔逸城,8.00,,,,1060,132.5,,,https://hz.lianjia.com/zufang/HZ2148062060892651520.html,2026-05-03 23:21:52,30.424074,120.046175
liangzhu,整租·万科未来城三期梦溪里 3室2厅 南,整租,万科未来城三期梦溪里,余杭区-良渚-万科未来城三期梦溪里,84.00,3室2厅,南,,3500,41.7,,,https://hz.lianjia.com/zufang/HZ2156720739326099456.html,2026-05-03 23:21:52,30.367897,120.049552
liangzhu,合租·上实白洋港城一期 4居室 北卧,合租,上实白洋港城一期 4居室 北卧,余杭区-良渚-上实白洋港城一期,5.20,,,,1030,198.1,,,https://hz.lianjia.com/zufang/HZ2155532256230244352.html,2026-05-03 23:21:52,30.351287,120.074562
liangzhu,整租·上实白洋港城一期 4室1厅 东/南,整租,上实白洋港城一期,余杭区-良渚-上实白洋港城一期,89.00,4室1厅,东/南,,2949,33.1,,,https://hz.lianjia.com/zufang/HZ2142621307190116352.html,2026-05-03 23:21:52,30.351287,120.074562
liangzhu,整租·碧水澜天华庭 4室2厅 南,整租,碧水澜天华庭,余杭区-良渚-碧水澜天华庭,109.00,4室2厅,南,,3600,33.0,,,https://hz.lianjia.com/zufang/HZ2126928071310180352.html,2026-05-03 23:21:52,30.384134,120.111837
liangzhu,合租·奥克斯缔逸城 4居室 南卧,合租,奥克斯缔逸城 4居室 南卧,余杭区-良渚-奥克斯缔逸城,12.00,,,,1445,120.4,,,https://hz.lianjia.com/zufang/HZ2158039923746144256.html,2026-05-03 23:21:52,30.424074,120.046175
liangzhu,整租·万科良渚文化村秋荷坊 4室2厅 南/北,整租,万科良渚文化村秋荷坊,余杭区-良渚-万科良渚文化村秋荷坊,188.00,4室2厅,南/北,,7000,37.2,,,https://hz.lianjia.com/zufang/HZ2149775070900256768.html,2026-05-03 23:25:42,30.3598,120.02024
liangzhu,整租·良渚文化村七贤郡 4室2厅 南,整租,良渚文化村七贤郡,余杭区-良渚-良渚文化村七贤郡,138.00,4室2厅,南,,4300,31.2,,,https://hz.lianjia.com/zufang/HZ2150612284278308864.html,2026-05-03 23:25:42,30.349967,120.001941
liangzhu,整租·万科未来城三期梦溪里 3室1厅 南,整租,万科未来城三期梦溪里,余杭区-良渚-万科未来城三期梦溪里,86.17,3室1厅,南,,3800,44.1,,,https://hz.lianjia.com/zufang/HZ2160581352842330112.html,2026-05-03 23:24:28,30.367897,120.049552
liangzhu,整租·上亿SOHO 1室1厅 东南,整租,上亿SOHO,余杭区-良渚-上亿,52.00,1室1厅,东南,,2100,40.4,,,https://hz.lianjia.com/zufang/HZ2121440496252354560.html,2026-05-03 23:23:24,30.384134,120.111837
liangzhu,合租·碧水澜天华庭 5居室 南卧,合租,碧水澜天华庭 5居室 南卧,余杭区-良渚-碧水澜天华庭,9.70,,,,1090,112.4,,,https://hz.lianjia.com/zufang/HZ2149831678091067392.html,2026-05-03 23:21:52,30.3398,120.08912
liangzhu,合租·奥克斯缔逸城 3居室 南卧,合租,奥克斯缔逸城 3居室 南卧,余杭区-良渚-奥克斯缔逸城,7.60,,,,834,109.7,,,https://hz.lianjia.com/zufang/HZ2141606637935263744.html,2026-05-03 23:21:52,30.424074,120.046175
liangzhu,合租·奥克斯缔逸城 3居室 南卧,合租,奥克斯缔逸城 3居室 南卧,余杭区-良渚-奥克斯缔逸城,6.60,,,,930,140.9,,,https://hz.lianjia.com/zufang/HZ2148847302289129472.html,2026-05-03 23:21:52,30.424074,120.046175
liangzhu,整租·万科未来之光 1室1厅 南,整租,万科未来之光,余杭区-良渚-万科未来之光,26.24,1室1厅,南,,1700,64.8,,,https://hz.lianjia.com/zufang/HZ1840371029873000448.html,2026-05-03 23:27:04,30.36968,120.02285
liangzhu,整租·棕榈湾二期 6室2厅 南,整租,棕榈湾二期,余杭区-良渚-棕榈湾二期,185.00,6室2厅,南,,3500,18.9,,,https://hz.lianjia.com/zufang/HZ2144451607088070656.html,2026-05-03 23:21:55,30.363937,120.083636
liangzhu,合租·昆华玉府 4居室 北卧,合租,昆华玉府 4居室 北卧,余杭区-良渚-昆华玉府,10.00,,,,890,89.0,,,https://hz.lianjia.com/zufang/HZ2108479092746616832.html,2026-05-03 23:21:55,30.389453,120.053052
liangzhu,合租·和昌府 5居室 南卧,合租,和昌府 5居室 南卧,余杭区-良渚-和昌府,14.78,,,,1490,100.8,,,https://hz.lianjia.com/zufang/HZ2144309553355816960.html,2026-05-03 23:21:55,30.3398,120.08912
liangzhu,整租·书韵名邸 1室1厅 南,整租,书韵名邸,余杭区-良渚-书韵名邸,26.99,1室1厅,南,,1300,48.2,,,https://hz.lianjia.com/zufang/HZ2158851820162646016.html,2026-05-03 23:26:54,30.383002,120.045128
liangzhu,整租·杜诗苑 2室2厅 南,整租,杜诗苑,余杭区-良渚-杜诗苑,80.00,2室2厅,南,,3200,40.0,,,https://hz.lianjia.com/zufang/HZ2150213511941193728.html,2026-05-03 23:25:42,30.409121,120.013841
liangzhu,整租·和光尘樾轩 2室2厅 东,整租,和光尘樾轩,余杭区-良渚-和光尘樾轩,30.00,2室2厅,东,,1200,40.0,,,https://hz.lianjia.com/zufang/HZ1929929401886048256.html,2026-05-03 23:26:54,30.384134,120.111837
liangzhu,合租·万科未来城二期 4居室 北卧,合租,万科未来城二期 4居室 北卧,余杭区-良渚-万科未来城二期,8.00,,,,902,112.8,,,https://hz.lianjia.com/zufang/HZ2150465338012073984.html,2026-05-03 23:21:55,30.362888,120.045623
liangzhu,整租·万科未来之光 1室1厅 北,整租,万科未来之光,余杭区-良渚-万科未来之光,25.11,1室1厅,北,,1800,71.7,,,https://hz.lianjia.com/zufang/HZ1705590965760163840.html,2026-05-03 23:27:04,30.36968,120.02285
liangzhu,整租·和光尘樾轩 1室0厅 南,整租,和光尘樾轩,余杭区-良渚-和光尘樾轩,25.00,1室0厅,南,,1250,50.0,,,https://hz.lianjia.com/zufang/HZ1909479341838827520.html,2026-05-03 23:26:54,30.384134,120.111837
liangzhu,整租·良渚文化村白鹭郡南 3室1厅 南,整租,良渚文化村白鹭郡南,余杭区-良渚-良渚文化村白鹭郡南,89.00,3室1厅,南,,3600,40.4,,,https://hz.lianjia.com/zufang/HZ2140486596737105920.html,2026-05-03 23:22:16,30.360819,120.020315
liangzhu,整租·九衡公寓 3室2厅 南,整租,九衡公寓,余杭区-良渚-九衡公寓,106.36,3室2厅,南,,2800,26.3,,,https://hz.lianjia.com/zufang/HZ1977007239663190016.html,2026-05-03 23:27:04,30.384134,120.111837
liangzhu,整租·良渚文化村探梅里B 2室2厅 南,整租,良渚文化村探梅里B,余杭区-良渚-良渚文化村探梅里,84.00,2室2厅,南,,3600,42.9,,,https://hz.lianjia.com/zufang/HZ2154543158334062592.html,2026-05-03 23:26:02,30.356496,120.01652
liangzhu,整租·和光尘樾轩 4室2厅 南/北,整租,和光尘樾轩,余杭区-良渚-和光尘樾轩,130.26,4室2厅,南/北,,5200,39.9,,,https://hz.lianjia.com/zufang/HZ2006641291995119616.html,2026-05-03 23:27:04,30.384134,120.111837
liangzhu,整租·和光尘樾轩 3室0厅 西,整租,和光尘樾轩,余杭区-良渚-和光尘樾轩,20.00,3室0厅,西,,800,40.0,,,https://hz.lianjia.com/zufang/HZ1943616358482706432.html,2026-05-03 23:26:54,30.384134,120.111837
liangzhu,整租·周家里 2室1厅 南,整租,周家里,余杭区-良渚-周家里,80.00,2室1厅,南,,1500,18.8,,,https://hz.lianjia.com/zufang/HZ2140509328912678912.html,2026-05-03 23:22:16,30.37437,120.04619
liangzhu,整租·和光尘樾轩 3室0厅 南,整租,和光尘樾轩,余杭区-良渚-和光尘樾轩,25.00,3室0厅,南,,1400,56.0,,,https://hz.lianjia.com/zufang/HZ1952016044767838208.html,2026-05-03 23:26:54,30.384134,120.111837
liangzhu,整租·良渚文化村探梅里B 1室1厅 南,整租,良渚文化村探梅里B,余杭区-良渚-良渚文化村探梅里,74.00,1室1厅,南,,3000,40.5,,,https://hz.lianjia.com/zufang/HZ2159572315879243776.html,2026-05-03 23:21:55,30.356496,120.01652
liangzhu,整租·万科郡西澜山 2室2厅 南,整租,万科郡西澜山,余杭区-良渚-万科郡西澜山,88.00,2室2厅,南,,4800,54.5,,,https://hz.lianjia.com/zufang/HZ2150104698869252096.html,2026-05-03 23:25:42,30.36968,120.02285
liangzhu,整租·亿丰蔚蓝郡 3室2厅 南,整租,亿丰蔚蓝郡,余杭区-良渚-亿丰蔚蓝郡,112.57,3室2厅,南,,3400,30.2,,,https://hz.lianjia.com/zufang/HZ2016538893851033600.html,2026-05-03 23:26:54,30.365985,120.058893
liangzhu,整租·和光尘樾轩 3室2厅 南,整租,和光尘樾轩,余杭区-良渚-和光尘樾轩,94.00,3室2厅,南,,4000,42.6,,,https://hz.lianjia.com/zufang/HZ2159525470306041856.html,2026-05-03 23:24:28,30.384134,120.111837
liangzhu,整租·溪谷岚湾 3室2厅 南,整租,溪谷岚湾,余杭区-良渚-溪谷岚湾,97.00,3室2厅,南,,3100,32.0,,,https://hz.lianjia.com/zufang/HZ2096147564670746624.html,2026-05-03 23:21:55,30.399463,120.008413
liangzhu,整租·溪谷岚湾 3室2厅 南,整租,溪谷岚湾,余杭区-良渚-溪谷岚湾,89.00,3室2厅,南,,3600,40.4,,,https://hz.lianjia.com/zufang/HZ2154190320496017408.html,2026-05-03 23:22:58,30.399463,120.008413
liangzhu,整租·万科未来城二期 3室2厅 南,整租,万科未来城二期,余杭区-良渚-万科未来城二期,116.56,3室2厅,南,,4700,40.3,,,https://hz.lianjia.com/zufang/HZ2157102121105752064.html,2026-05-03 23:23:28,30.362888,120.045623
liangzhu,整租·上亿SOHO 1室1厅 北,整租,上亿SOHO,余杭区-良渚-上亿,60.00,1室1厅,北,,1800,30.0,,,https://hz.lianjia.com/zufang/HZ1918667516616376320.html,2026-05-03 23:26:54,30.384134,120.111837
liangzhu,整租·起梦科创数字园区 2室1厅 东,整租,起梦科创数字园区,余杭区-良渚-起梦科创数字园区,36.04,2室1厅,东,,2300,63.8,,,https://hz.lianjia.com/zufang/HZ2155244163082223616.html,2026-05-03 23:26:54,30.384134,120.111837
liangzhu,整租·望城 2室1厅 南,整租,望城,余杭区-良渚-望城,90.10,2室1厅,南,,2600,28.9,,,https://hz.lianjia.com/zufang/HZ2155244720631054336.html,2026-05-03 23:26:54,30.384134,120.111837
liangzhu,整租·亿丰蔚蓝郡 3室1厅 南,整租,亿丰蔚蓝郡,余杭区-良渚-亿丰蔚蓝郡,84.03,3室1厅,南,,3200,38.1,,,https://hz.lianjia.com/zufang/HZ1879482088843902976.html,2026-05-03 23:27:04,30.365985,120.058893
liangzhu,整租·亿丰蔚蓝郡 3室2厅 南,整租,亿丰蔚蓝郡,余杭区-良渚-亿丰蔚蓝郡,86.19,3室2厅,南,,2700,31.3,,,https://hz.lianjia.com/zufang/HZ2144353599918964736.html,2026-05-03 23:27:11,30.365985,120.058893
liangzhu,整租·合嵣悦府 2室1厅 南,整租,合嵣悦府,余杭区-良渚-合嵣悦府,80.00,2室1厅,南,,3400,42.5,,,https://hz.lianjia.com/zufang/HZ2155599515975942144.html,2026-05-03 23:24:15,30.37881,120.04805
liangzhu,整租·奥克斯缔逸城 1室1厅 南,整租,奥克斯缔逸城,余杭区-良渚-奥克斯缔逸城,50.03,1室1厅,南,,2400,48.0,,,https://hz.lianjia.com/zufang/HZ2031576629418917888.html,2026-05-03 23:27:04,30.424074,120.046175
liangzhu,整租·良渚文化村白鹭郡东 3室2厅 南,整租,良渚文化村白鹭郡东,余杭区-良渚-良渚文化村白鹭郡东,126.33,3室2厅,南,,4800,38.0,,,https://hz.lianjia.com/zufang/HZ2159989553690050560.html,2026-05-03 23:21:59,30.365944,120.02439
liangzhu,整租·九衡公寓 3室2厅 南,整租,九衡公寓,余杭区-良渚-九衡公寓,115.81,3室2厅,南,,3200,27.6,,,https://hz.lianjia.com/zufang/HZ2150158097631412224.html,2026-05-03 23:27:11,30.384134,120.111837
liangzhu,整租·万科未来之光 1室1厅 西,整租,万科未来之光,余杭区-良渚-万科未来之光,25.00,1室1厅,西,,1400,56.0,,,https://hz.lianjia.com/zufang/HZ1874812660638285824.html,2026-05-03 23:27:11,30.36968,120.02285
liangzhu,整租·和光尘樾轩 3室1厅 北,整租,和光尘樾轩,余杭区-良渚-和光尘樾轩,20.00,3室1厅,北,,1100,55.0,,,https://hz.lianjia.com/zufang/HZ1932662088539308032.html,2026-05-03 23:26:54,30.384134,120.111837
liangzhu,整租·和光尘樾轩 4室2厅 南/北,整租,和光尘樾轩,余杭区-良渚-和光尘樾轩,116.00,4室2厅,南/北,,4600,39.7,,,https://hz.lianjia.com/zufang/HZ2149444400445390848.html,2026-05-03 23:25:42,30.384134,120.111837
liangzhu,整租·和光尘樾轩 1室1厅 西南,整租,和光尘樾轩,余杭区-良渚-和光尘樾轩,25.00,1室1厅,西南,,700,28.0,,,https://hz.lianjia.com/zufang/HZ1975064840531607552.html,2026-05-03 23:27:04,30.384134,120.111837
liangzhu,整租·奥克斯缔逸城 1室1厅 南,整租,奥克斯缔逸城,余杭区-良渚-奥克斯缔逸城,49.59,1室1厅,南,,2000,40.3,,,https://hz.lianjia.com/zufang/HZ2030517023611551744.html,2026-05-03 23:21:59,30.424074,120.046175
liangzhu,整租·和光尘樾轩 1室0厅 东,整租,和光尘樾轩,余杭区-良渚-和光尘樾轩,20.00,1室0厅,东,,850,42.5,,,https://hz.lianjia.com/zufang/HZ1815242696646721536.html,2026-05-03 23:27:04,30.384134,120.111837
liangzhu,整租·昆华玉府 3室2厅 南/北,整租,昆华玉府,余杭区-良渚-昆华玉府,89.71,3室2厅,南/北,,2800,31.2,,,https://hz.lianjia.com/zufang/HZ1839689434488897536.html,2026-05-03 23:27:04,30.384134,120.111837
liangzhu,整租·良渚文化村春漫里 1室1厅 南,整租,良渚文化村春漫里,余杭区-良渚-良渚文化村春漫里,69.23,1室1厅,南,,2500,36.1,,,https://hz.lianjia.com/zufang/HZ2136688253644832768.html,2026-05-03 23:23:15,30.36082,120.0175
liangzhu,整租·绿城玉海棠里 3室2厅 南,整租,绿城玉海棠里,余杭区-良渚-绿城玉海棠里,103.00,3室2厅,南,,5400,52.4,,,https://hz.lianjia.com/zufang/HZ2139192246954622976.html,2026-05-03 23:23:15,30.380909,120.016673
liangzhu,整租·昆华玉府 4室2厅 南,整租,昆华玉府,余杭区-良渚-昆华玉府,89.00,4室2厅,南,,3600,40.4,,,https://hz.lianjia.com/zufang/HZ2158569578832068608.html,2026-05-03 23:23:38,30.384134,120.111837
liangzhu,整租·万科郡西澜山 3室2厅 南,整租,万科郡西澜山,余杭区-良渚-万科郡西澜山,123.00,3室2厅,南,,5500,44.7,,,https://hz.lianjia.com/zufang/HZ2147538661980241920.html,2026-05-03 23:21:59,30.36968,120.02285
liangzhu,整租·良渚文化村柳映坊三期 3室2厅 南,整租,良渚文化村柳映坊三期,余杭区-良渚-良渚文化村柳映坊三期,136.00,3室2厅,南,,4500,33.1,,,https://hz.lianjia.com/zufang/HZ2122313298673139712.html,2026-05-03 23:23:24,30.36196,120.0234
liangzhu,整租·上亿SOHO 2室1厅 西,整租,上亿SOHO,余杭区-良渚-上亿,50.00,2室1厅,西,,2250,45.0,,,https://hz.lianjia.com/zufang/HZ2153790984385724416.html,2026-05-03 23:21:59,30.384134,120.111837
liangzhu,整租·周家里 3室1厅 南,整租,周家里,余杭区-良渚-周家里,80.00,3室1厅,南,,2000,25.0,,,https://hz.lianjia.com/zufang/HZ2082338109923524608.html,2026-05-03 23:21:59,30.37437,120.04619
liangzhu,整租·良渚文化村探梅里B 2室2厅 南,整租,良渚文化村探梅里B,余杭区-良渚-良渚文化村探梅里,89.00,2室2厅,南,,3500,39.3,,,https://hz.lianjia.com/zufang/HZ2099009478216122368.html,2026-05-03 23:21:59,30.356496,120.01652
liangzhu,整租·碧水澜天华庭 3室2厅 南,整租,碧水澜天华庭,余杭区-良渚-碧水澜天华庭,84.00,3室2厅,南,,3200,38.1,,,https://hz.lianjia.com/zufang/HZ2151974994584797184.html,2026-05-03 23:23:24,30.384134,120.111837
liangzhu,整租·万科未来之光 2室1厅 南,整租,万科未来之光,余杭区-良渚-万科未来之光,35.00,2室1厅,南,,1800,51.4,,,https://hz.lianjia.com/zufang/HZ2158484854180675584.html,2026-05-03 23:23:38,30.36968,120.02285
liangzhu,整租·杜甫新苑 2室1厅 南,整租,杜甫新苑,余杭区-良渚-杜甫新苑,80.00,2室1厅,南,,3300,41.2,,,https://hz.lianjia.com/zufang/HZ2152598860050989056.html,2026-05-03 23:24:10,30.35363,120.02397
liangzhu,整租·缦云坊 4室2厅 东南/南,整租,缦云坊,余杭区-良渚-缦云坊,89.00,4室2厅,东南/南,,4500,50.6,,,https://hz.lianjia.com/zufang/HZ2157690567587266560.html,2026-05-03 23:23:28,30.384134,120.111837
liangzhu,整租·良渚文化村柳映坊二期 4室2厅 南,整租,良渚文化村柳映坊二期,余杭区-良渚-良渚文化村柳映坊二期,180.00,4室2厅,南,,7200,40.0,,,https://hz.lianjia.com/zufang/HZ2129842500821581824.html,2026-05-03 23:21:59,30.359882,120.024048
liangzhu,整租·昆华玉府 4室2厅 南/北,整租,昆华玉府,余杭区-良渚-昆华玉府,89.00,4室2厅,南/北,,3000,33.7,,,https://hz.lianjia.com/zufang/HZ2142558513925193728.html,2026-05-03 23:21:59,30.384134,120.111837
liangzhu,整租·书韵名邸 1室1厅 南,整租,书韵名邸,余杭区-良渚-书韵名邸,26.00,1室1厅,南,,1200,46.2,,,https://hz.lianjia.com/zufang/HZ2149371514955235328.html,2026-05-03 23:26:09,30.383002,120.045128
liangzhu,整租·梦溪东明山居 2室2厅 南/北,整租,梦溪东明山居,余杭区-良渚-梦溪东明山居,87.00,2室2厅,南/北,,2100,24.1,,,https://hz.lianjia.com/zufang/HZ2150165137783259136.html,2026-05-03 23:25:42,30.384134,120.111837
liangzhu,整租·上实白洋港城一期 3室1厅 南/北,整租,上实白洋港城一期,余杭区-良渚-上实白洋港城一期,89.00,3室1厅,南/北,,3300,37.1,,,https://hz.lianjia.com/zufang/HZ2149173934510047232.html,2026-05-03 23:25:42,30.351287,120.074562
liangzhu,整租·良渚文化村探梅里B 2室2厅 南,整租,良渚文化村探梅里B,余杭区-良渚-良渚文化村探梅里,87.17,2室2厅,南,,3900,44.7,,,https://hz.lianjia.com/zufang/HZ2138978759896727552.html,2026-05-03 23:25:36,30.356496,120.01652
liangzhu,整租·建发云熙 4室2厅 南,整租,建发云熙,余杭区-良渚-建发云熙,133.07,4室2厅,南,,5600,42.1,,,https://hz.lianjia.com/zufang/HZ2130614884860166144.html,2026-05-03 23:22:02,30.384134,120.111837
liangzhu,整租·梦溪东明山居 2室2厅 南,整租,梦溪东明山居,余杭区-良渚-梦溪东明山居,89.85,2室2厅,南,,2500,27.8,,,https://hz.lianjia.com/zufang/HZ2074426668885213184.html,2026-05-03 23:22:02,30.384134,120.111837
liangzhu,整租·万科良渚文化村秋荷坊 3室2厅 南/北,整租,万科良渚文化村秋荷坊,余杭区-良渚-万科良渚文化村秋荷坊,138.00,3室2厅,南/北,,5800,42.0,,,https://hz.lianjia.com/zufang/HZ2139424023774232576.html,2026-05-03 23:23:20,30.3598,120.02024
liangzhu,整租·万科未来城二期 4室2厅 东南,整租,万科未来城二期,余杭区-良渚-万科未来城二期,118.00,4室2厅,东南,,5000,42.4,,,https://hz.lianjia.com/zufang/HZ1944697903909961728.html,2026-05-03 23:22:02,30.362888,120.045623
liangzhu,整租·溪谷岚湾 3室2厅 南,整租,溪谷岚湾,余杭区-良渚-溪谷岚湾,89.00,3室2厅,南,,3400,38.2,,,https://hz.lianjia.com/zufang/HZ2137770251973033984.html,2026-05-03 23:23:15,30.399463,120.008413
liangzhu,整租·万科未来之光 1室1厅 南,整租,万科未来之光,余杭区-良渚-万科未来之光,35.00,1室1厅,南,,2600,74.3,,,https://hz.lianjia.com/zufang/HZ2145079660893962240.html,2026-05-03 23:26:09,30.36968,120.02285
liangzhu,整租·万科未来城二期 3室2厅 南,整租,万科未来城二期,余杭区-良渚-万科未来城二期,89.00,3室2厅,南,,4200,47.2,,,https://hz.lianjia.com/zufang/HZ2152369391260401664.html,2026-05-03 23:24:10,30.362888,120.045623
liangzhu,整租·绿城玉海棠里 3室2厅 南/北,整租,绿城玉海棠里,余杭区-良渚-绿城玉海棠里,110.09,3室2厅,南/北,,5800,52.7,,,https://hz.lianjia.com/zufang/HZ2148663806325161984.html,2026-05-03 23:22:02,30.380909,120.016673
liangzhu,整租·良渚文化村阳光天际 4室2厅 南,整租,良渚文化村阳光天际,余杭区-良渚-良渚文化村阳光天际,218.74,4室2厅,南,,4600,21.0,,,https://hz.lianjia.com/zufang/HZ2116825511702298624.html,2026-05-03 23:22:09,30.373496,120.030984
liangzhu,整租·万科未来之光 1室1厅 跃层 南,整租,万科未来之光,余杭区-良渚-万科未来之光,25.17,1室1厅,,,2000,79.5,,,https://hz.lianjia.com/zufang/HZ2160324857403801600.html,2026-05-03 23:22:02,30.36968,120.02285
liangzhu,整租·良渚文化村竹径茶语 3室2厅 南,整租,良渚文化村竹径茶语,余杭区-良渚-良渚文化村竹径茶语,145.92,3室2厅,南,,4800,32.9,,,https://hz.lianjia.com/zufang/HZ2158476346399916032.html,2026-05-03 23:24:28,30.374721,120.014867
liangzhu,整租·缦云坊 3室2厅 南/北,整租,缦云坊,余杭区-良渚-缦云坊,88.00,3室2厅,南/北,,3900,44.3,,,https://hz.lianjia.com/zufang/HZ2120773727011471360.html,2026-05-03 23:26:09,30.384134,120.111837
liangzhu,整租·良渚文化村柳映坊一期 3室2厅 南,整租,良渚文化村柳映坊一期,余杭区-良渚-良渚文化村柳映坊一期,177.00,3室2厅,南,,6000,33.9,,,https://hz.lianjia.com/zufang/HZ2152671540884275200.html,2026-05-03 23:24:10,30.359882,120.024048
liangzhu,合租·昆华玉府 4居室 北卧,合租,昆华玉府 4居室 北卧,余杭区-良渚-昆华玉府,20.00,,,,800,40.0,,,https://hz.lianjia.com/zufang/HZ2045358604759859200.html,2026-05-03 23:23:20,30.389453,120.053052
liangzhu,整租·才栖名居 3室1厅 南,整租,才栖名居,余杭区-良渚-才栖名居,89.70,3室1厅,南,,4800,53.5,,,https://hz.lianjia.com/zufang/HZ2151574440658337792.html,2026-05-03 23:22:02,30.384134,120.111837
liangzhu,合租·万科未来之光 2居室 南卧,合租,万科未来之光 2居室 南卧,余杭区-良渚-万科未来之光,27.00,,,,1600,59.3,,,https://hz.lianjia.com/zufang/HZ2161665127844151296.html,2026-05-03 23:25:36,30.36968,120.02285
liangzhu,整租·棕榈湾二期 2室2厅 南,整租,棕榈湾二期,余杭区-良渚-棕榈湾二期,94.05,2室2厅,南,,2500,26.6,,,https://hz.lianjia.com/zufang/HZ2161853328261120000.html,2026-05-03 23:22:02,30.363937,120.083636
liangzhu,合租·万科未来之光 2居室 南卧,合租,万科未来之光 2居室 南卧,余杭区-良渚-万科未来之光,27.00,,,,1550,57.4,,,https://hz.lianjia.com/zufang/HZ2161665789399138304.html,2026-05-03 23:25:36,30.36968,120.02285
liangzhu,整租·良渚文化村探梅里B 2室2厅 南,整租,良渚文化村探梅里B,余杭区-良渚-良渚文化村探梅里,87.18,2室2厅,南,,3800,43.6,,,https://hz.lianjia.com/zufang/HZ2162113243705769984.html,2026-05-03 23:22:02,30.356496,120.01652
liangzhu,整租·联发亚澜湾 4室2厅 南,整租,联发亚澜湾,余杭区-良渚-联发亚澜湾,139.00,4室2厅,南,,8000,57.6,,,https://hz.lianjia.com/zufang/HZ1744566412778668032.html,2026-05-03 23:26:39,30.365039,120.058319
liangzhu,整租·奥克斯缔逸城 3室2厅 南,整租,奥克斯缔逸城,余杭区-良渚-奥克斯缔逸城,88.00,3室2厅,南,,3500,39.8,,,https://hz.lianjia.com/zufang/HZ2162043218294734848.html,2026-05-03 23:26:39,30.424074,120.046175
liangzhu,整租·万科郡西澜山 4室2厅 南,整租,万科郡西澜山,余杭区-良渚-万科郡西澜山,139.00,4室2厅,南,,7500,54.0,,,https://hz.lianjia.com/zufang/HZ2162181578233479168.html,2026-05-03 23:26:39,30.36968,120.02285
liangzhu,整租·昆华玉府 5室1厅 南,整租,昆华玉府,余杭区-良渚-昆华玉府,118.00,5室1厅,南,,3200,27.1,,,https://hz.lianjia.com/zufang/HZ2159586039088283648.html,2026-05-03 23:24:28,30.384134,120.111837
liangzhu,合租·碧水澜天华庭 4居室 南卧,合租,碧水澜天华庭 4居室 南卧,余杭区-良渚-碧水澜天华庭,25.00,,,,1100,44.0,,,https://hz.lianjia.com/zufang/HZ2107673752782241792.html,2026-05-03 23:22:05,30.3398,120.08912
liangzhu,整租·郡西云台 5室3厅 西南,整租,郡西云台,余杭区-良渚-郡西云台,218.00,5室3厅,西南,,22000,100.9,,,https://hz.lianjia.com/zufang/HZ2155218013639409664.html,2026-05-03 23:26:02,30.384134,120.111837
liangzhu,整租·万科未来城三期梦溪里 3室2厅 南,整租,万科未来城三期梦溪里,余杭区-良渚-万科未来城三期梦溪里,86.00,3室2厅,南,,4600,53.5,,,https://hz.lianjia.com/zufang/HZ2041376038730072064.html,2026-05-03 23:23:20,30.367897,120.049552
liangzhu,合租·昆华玉府 4居室 南卧,合租,昆华玉府 4居室 南卧,余杭区-良渚-昆华玉府,15.00,,,,700,46.7,,,https://hz.lianjia.com/zufang/HZ2114922619022082048.html,2026-05-03 23:22:05,30.3398,120.08912
liangzhu,合租·越秀星汇悦城 3居室 南卧,合租,越秀星汇悦城 3居室 南卧,余杭区-良渚-越秀星汇悦城,20.00,,,,1100,55.0,,,https://hz.lianjia.com/zufang/HZ2038861314645819392.html,2026-05-03 23:22:05,30.35492,120.06523
liangzhu,整租·赞成良著 5室4厅 跃层 南/北,整租,赞成良著,余杭区-良渚-赞成良著,315.24,5室4厅,,,10800,34.3,,,https://hz.lianjia.com/zufang/HZ2149394408464711680.html,2026-05-03 23:25:42,30.384134,120.111837
liangzhu,合租·北秀蓝湾花苑 2居室 南/西卧,合租,北秀蓝湾花苑 2居室 南/西卧,余杭区-良渚-北秀蓝湾花苑,10.00,,,,1000,100.0,,,https://hz.lianjia.com/zufang/HZ1820020018209882112.html,2026-05-03 23:24:03,30.361994,120.113414
liangzhu,整租·竹径云山二期 3室2厅 跃层 东南/南,整租,竹径云山二期,余杭区-良渚-竹径云山二期,120.00,3室2厅,,,10000,83.3,,,https://hz.lianjia.com/zufang/HZ2139595534459994112.html,2026-05-03 23:23:20,30.352193,119.999422
liangzhu,整租·书韵名邸 1室1厅 南,整租,书韵名邸,余杭区-良渚-书韵名邸,26.60,1室1厅,南,,1700,63.9,,,https://hz.lianjia.com/zufang/HZ2008749042191826944.html,2026-05-03 23:22:05,30.383002,120.045128
liangzhu,合租·昆华玉府 3居室 南卧,合租,昆华玉府 3居室 南卧,余杭区-良渚-昆华玉府,15.00,,,,900,60.0,,,https://hz.lianjia.com/zufang/HZ2158134655931383808.html,2026-05-03 23:24:24,30.3398,120.08912
liangzhu,整租·越秀星汇悦城 3室2厅 西南,整租,越秀星汇悦城,余杭区-良渚-越秀星汇悦城,88.46,3室2厅,西南,,4000,45.2,,,https://hz.lianjia.com/zufang/HZ2142840035886497792.html,2026-05-03 23:22:05,30.35492,120.06523
liangzhu,整租·书韵名邸 1室0厅 南/西,整租,书韵名邸,余杭区-良渚-书韵名邸,27.00,1室0厅,南/西,,1400,51.9,,,https://hz.lianjia.com/zufang/HZ2131259302877331456.html,2026-05-03 23:22:05,30.383002,120.045128
liangzhu,整租·万科未来之光 1室1厅 复式 东,整租,万科未来之光,余杭区-良渚-万科未来之光,35.00,1室1厅,,,2700,77.1,,,https://hz.lianjia.com/zufang/HZ2120469835920965632.html,2026-05-03 23:23:24,30.36968,120.02285
liangzhu,整租·香格里拉别墅 5室2厅 南,整租,香格里拉别墅,余杭区-良渚-香格里拉别墅,160.00,5室2厅,南,,8000,50.0,,,https://hz.lianjia.com/zufang/HZ2147250999398498304.html,2026-05-03 23:22:05,30.351043,119.988733
liangzhu,整租·绿城熙海棠 3室2厅 南,整租,绿城熙海棠,西湖区-良渚-绿城熙海棠,103.00,3室2厅,南,,5000,48.5,,,https://hz.lianjia.com/zufang/HZ2148422976393969664.html,2026-05-03 23:22:05,30.221,120.12144
liangzhu,整租·建发云熙 4室2厅 南,整租,建发云熙,余杭区-良渚-建发云熙,107.00,4室2厅,南,,5800,54.2,,,https://hz.lianjia.com/zufang/HZ2106315177300328448.html,2026-05-03 23:22:05,30.384134,120.111837
liangzhu,整租·越秀星汇悦城 3室2厅 南,整租,越秀星汇悦城,余杭区-良渚-越秀星汇悦城,83.00,3室2厅,南,,3500,42.2,,,https://hz.lianjia.com/zufang/HZ2161356546271870976.html,2026-05-03 23:22:05,30.35492,120.06523
liangzhu,整租·绿城熙海棠 3室2厅 南,整租,绿城熙海棠,西湖区-良渚-绿城熙海棠,103.00,3室2厅,南,,5500,53.4,,,https://hz.lianjia.com/zufang/HZ2162058211450945536.html,2026-05-03 23:25:27,30.221,120.12144
liangzhu,合租·周家里 5居室 南卧,合租,周家里 5居室 南卧,余杭区-良渚-周家里,20.00,,,,1100,55.0,,,https://hz.lianjia.com/zufang/HZ2162123182964736000.html,2026-05-03 23:22:05,30.37437,120.04619
liangzhu,合租·周家里 5居室 北卧,合租,周家里 5居室 北卧,余杭区-良渚-周家里,20.00,,,,1000,50.0,,,https://hz.lianjia.com/zufang/HZ2162123183929425920.html,2026-05-03 23:22:05,30.37437,120.04619
liangzhu,整租·越秀星汇悦城 3室2厅 南/北,整租,越秀星汇悦城,余杭区-良渚-越秀星汇悦城,83.00,3室2厅,南/北,,3600,43.4,,,https://hz.lianjia.com/zufang/HZ2162183277597687808.html,2026-05-03 23:26:39,30.35492,120.06523
liangzhu,整租·万科未来之光 1室1厅 西,整租,万科未来之光,余杭区-良渚-万科未来之光,27.00,1室1厅,西,,1900,70.4,,,https://hz.lianjia.com/zufang/HZ2162171725138100224.html,2026-05-03 23:26:39,30.36968,120.02285
liangzhu,整租·玉都枫景 3室2厅 南,整租,玉都枫景,余杭区-良渚-玉都枫景,87.00,3室2厅,南,,3500,40.2,,,https://hz.lianjia.com/zufang/HZ2162164158567546880.html,2026-05-03 23:22:05,30.371691,120.045203
liangzhu,整租·中粮康良祥云府 3室2厅 南,整租,中粮康良祥云府,余杭区-良渚-中粮康良祥云府,113.14,3室2厅,南,,4500,39.8,,,https://hz.lianjia.com/zufang/HZ2162157589016608768.html,2026-05-03 23:26:39,30.38136,120.04276
liangzhu,整租·萃栖云庐 4室2厅 东/东南,整租,萃栖云庐,余杭区-良渚-萃栖云庐,139.00,4室2厅,东/东南,,8200,59.0,,,https://hz.lianjia.com/zufang/HZ2162191957906948096.html,2026-05-03 23:26:39,30.384134,120.111837
liangzhu,整租·良渚十六街区 5室1厅 南,整租,良渚十六街区,余杭区-良渚-良渚十六街区,200.00,5室1厅,南,,3600,18.0,,,https://hz.lianjia.com/zufang/HZ2129424594245779456.html,2026-05-03 23:22:05,30.380097,120.046612
liangzhu,合租·和昌府 2居室 南卧,合租,和昌府 2居室 南卧,余杭区-良渚-和昌府,30.00,,,,950,31.7,,,https://hz.lianjia.com/zufang/HZ2152782379565973504.html,2026-05-03 23:24:10,30.3398,120.08912
liangzhu,合租·白洋港城二期 6居室 南卧,合租,白洋港城二期 6居室 南卧,余杭区-良渚-白洋港城二期,14.00,,,,650,46.4,,,https://hz.lianjia.com/zufang/HZ2157678966515695616.html,2026-05-03 23:22:05,30.350322,120.077903
liangzhu,整租·白洋港城二期 3室2厅 南,整租,白洋港城二期,余杭区-良渚-白洋港城二期,110.98,3室2厅,南,,4700,42.3,,,https://hz.lianjia.com/zufang/HZ2159234434274951168.html,2026-05-03 23:24:28,30.350051,120.077238
liangzhu,整租·三盛颐景御园 3室2厅 南,整租,三盛颐景御园,余杭区-良渚-三盛颐景御园,138.00,3室2厅,南,,5000,36.2,,,https://hz.lianjia.com/zufang/HZ2116020740720427008.html,2026-05-03 23:22:09,30.40742,120.00923
liangzhu,整租·书韵名邸 1室1厅 南,整租,书韵名邸,余杭区-良渚-书韵名邸,26.00,1室1厅,南,,1500,57.7,,,https://hz.lianjia.com/zufang/HZ2116161927150305280.html,2026-05-03 23:22:09,30.383002,120.045128
liangzhu,整租·绿城熙海棠 3室2厅 南,整租,绿城熙海棠,西湖区-良渚-绿城熙海棠,103.00,3室2厅,南,,6500,63.1,,,https://hz.lianjia.com/zufang/HZ2116794410610982912.html,2026-05-03 23:22:09,30.221,120.12144
liangzhu,整租·书韵名邸 3室2厅 南,整租,书韵名邸,余杭区-良渚-书韵名邸,110.11,3室2厅,南,,5000,45.4,,,https://hz.lianjia.com/zufang/HZ2116437409523564544.html,2026-05-03 23:22:09,30.383002,120.045128
liangzhu,整租·绿城熙海棠 3室2厅 南,整租,绿城熙海棠,西湖区-良渚-绿城熙海棠,103.00,3室2厅,南,,4800,46.6,,,https://hz.lianjia.com/zufang/HZ2116815960043159552.html,2026-05-03 23:22:09,30.221,120.12144
liangzhu,整租·三盛颐景御园 3室2厅 南,整租,三盛颐景御园,余杭区-良渚-三盛颐景御园,138.00,3室2厅,南,,5500,39.9,,,https://hz.lianjia.com/zufang/HZ2116796792048713728.html,2026-05-03 23:22:09,30.40742,120.00923
liangzhu,整租·奥克斯缔逸城 3室1厅 南,整租,奥克斯缔逸城,余杭区-良渚-奥克斯缔逸城,89.00,3室1厅,南,,3600,40.4,,,https://hz.lianjia.com/zufang/HZ2117493729320239104.html,2026-05-03 23:22:09,30.424074,120.046175
liangzhu,整租·万科良渚文化村秋荷坊 4室2厅 南/北,整租,万科良渚文化村秋荷坊,余杭区-良渚-万科良渚文化村秋荷坊,178.37,4室2厅,南/北,,8500,47.7,,,https://hz.lianjia.com/zufang/HZ2117458078830952448.html,2026-05-03 23:22:09,30.3598,120.02024
liangzhu,整租·和光尘樾轩 4室2厅 南,整租,和光尘樾轩,余杭区-良渚-和光尘樾轩,133.00,4室2厅,南,,4500,33.8,,,https://hz.lianjia.com/zufang/HZ2117552113633460224.html,2026-05-03 23:22:09,30.384134,120.111837
liangzhu,合租·万科未来之光 2居室 北卧,合租,万科未来之光 2居室 北卧,余杭区-良渚-万科未来之光,22.00,,,,1300,59.1,,,https://hz.lianjia.com/zufang/HZ2137405364725874688.html,2026-05-03 23:23:15,30.36968,120.02285
liangzhu,整租·万科未来城三期梦溪里 3室2厅 南,整租,万科未来城三期梦溪里,余杭区-良渚-万科未来城三期梦溪里,89.00,3室2厅,南,,3800,42.7,,,https://hz.lianjia.com/zufang/HZ2137498805593964544.html,2026-05-03 23:23:15,30.367897,120.049552
liangzhu,整租·奥克斯缔逸城 1室1厅 南,整租,奥克斯缔逸城,余杭区-良渚-奥克斯缔逸城,50.00,1室1厅,南,,2600,52.0,,,https://hz.lianjia.com/zufang/HZ2137505036706512896.html,2026-05-03 23:23:15,30.424074,120.046175
liangzhu,整租·和光尘樾轩 4室2厅 南,整租,和光尘樾轩,余杭区-良渚-和光尘樾轩,111.00,4室2厅,南,,4600,41.4,,,https://hz.lianjia.com/zufang/HZ2137390442092691456.html,2026-05-03 23:23:15,30.384134,120.111837
liangzhu,整租·建发云熙 4室2厅 南/北,整租,建发云熙,余杭区-良渚-建发云熙,133.00,4室2厅,南/北,,6400,48.1,,,https://hz.lianjia.com/zufang/HZ2137559048860467200.html,2026-05-03 23:23:15,30.384134,120.111837
liangzhu,整租·书韵名邸 3室2厅 南/北,整租,书韵名邸,余杭区-良渚-书韵名邸,129.00,3室2厅,南/北,,5000,38.8,,,https://hz.lianjia.com/zufang/HZ2137561964820299776.html,2026-05-03 23:23:15,30.383002,120.045128
liangzhu,合租·奥克斯缔逸城 4居室 北卧,合租,奥克斯缔逸城 4居室 北卧,余杭区-良渚-奥克斯缔逸城,15.00,,,,900,60.0,,,https://hz.lianjia.com/zufang/HZ2137742403006627840.html,2026-05-03 23:23:15,30.424074,120.046175
liangzhu,合租·奥克斯缔逸城 4居室 南卧,合租,奥克斯缔逸城 4居室 南卧,余杭区-良渚-奥克斯缔逸城,25.00,,,,900,36.0,,,https://hz.lianjia.com/zufang/HZ2137743724304662528.html,2026-05-03 23:23:15,30.424074,120.046175
liangzhu,整租·香格里拉别墅 4室2厅 跃层 南,整租,香格里拉别墅,余杭区-良渚-香格里拉别墅,132.00,4室2厅,,,4500,34.1,,,https://hz.lianjia.com/zufang/HZ2137767599377743872.html,2026-05-03 23:23:15,30.351043,119.988733
liangzhu,合租·昆华玉府 4居室 南卧,合租,昆华玉府 4居室 南卧,余杭区-良渚-昆华玉府,30.00,,,,1500,50.0,,,https://hz.lianjia.com/zufang/HZ2138145730626322432.html,2026-05-03 23:23:15,30.3398,120.08912
liangzhu,合租·白洋港城二期 2居室 南/北卧,合租,白洋港城二期 2居室 南/北卧,余杭区-良渚-白洋港城二期,60.00,,,,2500,41.7,,,https://hz.lianjia.com/zufang/HZ2137811979803295744.html,2026-05-03 23:23:15,30.351706,120.077502
liangzhu,整租·书韵名邸 1室1厅 东,整租,书韵名邸,余杭区-良渚-书韵名邸,52.00,1室1厅,东,,2300,44.2,,,https://hz.lianjia.com/zufang/HZ2137861602039300096.html,2026-05-03 23:23:15,30.383002,120.045128
liangzhu,整租·香格里拉别墅 3室2厅 跃层 南,整租,香格里拉别墅,余杭区-良渚-香格里拉别墅,132.00,3室2厅,,,4500,34.1,,,https://hz.lianjia.com/zufang/HZ2138196011137368064.html,2026-05-03 23:23:15,30.351043,119.988733
liangzhu,整租·香格里拉蓝月春晓 3室2厅 南,整租,香格里拉蓝月春晓,余杭区-良渚-香格里拉蓝月春晓,129.00,3室2厅,南,,5900,45.7,,,https://hz.lianjia.com/zufang/HZ2138626369804828672.html,2026-05-03 23:23:15,30.348427,119.991626
liangzhu,合租·周家里 2居室 南卧,合租,周家里 2居室 南卧,余杭区-良渚-周家里,50.00,,,,1100,22.0,,,https://hz.lianjia.com/zufang/HZ2138552564570914816.html,2026-05-03 23:23:15,30.37437,120.04619
liangzhu,整租·万科未来城二期 1室0厅 北,整租,万科未来城二期,余杭区-良渚-万科未来城二期,69.00,1室0厅,北,,9000,130.4,,,https://hz.lianjia.com/zufang/HZ2138578874324221952.html,2026-05-03 23:23:15,30.362888,120.045623
liangzhu,整租·北秀蓝湾花苑 4室2厅 南,整租,北秀蓝湾花苑,余杭区-良渚-北秀蓝湾花苑,138.00,4室2厅,南,,4200,30.4,,,https://hz.lianjia.com/zufang/HZ2138553021238345728.html,2026-05-03 23:23:15,30.361994,120.113414
liangzhu,整租·联发藏珑大境 4室2厅 跃层 南/北,整租,联发藏珑大境,余杭区-良渚-联发藏珑大境,135.00,4室2厅,,,4000,29.6,,,https://hz.lianjia.com/zufang/HZ2132063820334497792.html,2026-05-03 23:23:15,30.365039,120.058319
liangzhu,整租·良渚文化村春漫里 1室1厅 东,整租,良渚文化村春漫里,余杭区-良渚-良渚文化村春漫里,76.58,1室1厅,东,,3800,49.6,,,https://hz.lianjia.com/zufang/HZ2133582600697020416.html,2026-05-03 23:23:15,30.36082,120.0175
liangzhu,合租·万科未来之光 2居室 北卧,合租,万科未来之光 2居室 北卧,余杭区-良渚-万科未来之光,25.00,,,,1300,52.0,,,https://hz.lianjia.com/zufang/HZ2133177304350720000.html,2026-05-03 23:23:15,30.36968,120.02285
liangzhu,合租·和光尘樾轩 2居室 北卧,合租,和光尘樾轩 2居室 北卧,余杭区-良渚-和光尘樾轩,10.00,,,,900,90.0,,,https://hz.lianjia.com/zufang/HZ2138920693062959104.html,2026-05-03 23:23:15,30.389453,120.053052
liangzhu,整租·建发云熙 4室2厅 南,整租,建发云熙,余杭区-良渚-建发云熙,107.00,4室2厅,南,,7000,65.4,,,https://hz.lianjia.com/zufang/HZ2139096941668073472.html,2026-05-03 23:23:15,30.384134,120.111837
liangzhu,合租·和光尘樾轩 3居室 南/北卧,合租,和光尘樾轩 3居室 南/北卧,余杭区-良渚-和光尘樾轩,10.00,,,,800,80.0,,,https://hz.lianjia.com/zufang/HZ2138907405310754816.html,2026-05-03 23:23:15,30.389453,120.053052
liangzhu,整租·融信沐水澜轩 3室3厅 东南,整租,融信沐水澜轩,余杭区-良渚-融信沐水澜轩,135.00,3室3厅,东南,,5800,43.0,,,https://hz.lianjia.com/zufang/HZ2138925279802818560.html,2026-05-03 23:23:15,30.384134,120.111837
liangzhu,合租·和光尘樾轩 3居室 北卧,合租,和光尘樾轩 3居室 北卧,余杭区-良渚-和光尘樾轩,10.00,,,,750,75.0,,,https://hz.lianjia.com/zufang/HZ2138950142504468480.html,2026-05-03 23:23:15,30.389453,120.053052
liangzhu,整租·杜诗苑 2室2厅 南,整租,杜诗苑,余杭区-良渚-杜诗苑,80.00,2室2厅,南,,4500,56.2,,,https://hz.lianjia.com/zufang/HZ2139431724642205696.html,2026-05-03 23:23:20,30.409121,120.013841
liangzhu,整租·梦溪东明山居 2室2厅 南,整租,梦溪东明山居,余杭区-良渚-梦溪东明山居,90.00,2室2厅,南,,2520,28.0,,,https://hz.lianjia.com/zufang/HZ2139600501275099136.html,2026-05-03 23:23:20,30.384134,120.111837
liangzhu,整租·望城 3室1厅 南,整租,望城,余杭区-良渚-望城,99.00,3室1厅,南,,3800,38.4,,,https://hz.lianjia.com/zufang/HZ2139328337770708992.html,2026-05-03 23:23:20,30.384134,120.111837
liangzhu,整租·星图光年轩 3室2厅 南,整租,星图光年轩,余杭区-良渚-星图光年轩,105.00,3室2厅,南,,5500,52.4,,,https://hz.lianjia.com/zufang/HZ2139310760306671616.html,2026-05-03 23:23:20,30.384134,120.111837
liangzhu,整租·杜甫新苑 4室1厅 南,整租,杜甫新苑,余杭区-良渚-杜甫新苑,160.00,4室1厅,南,,3800,23.8,,,https://hz.lianjia.com/zufang/HZ2139554444432375808.html,2026-05-03 23:23:20,30.35363,120.02397
liangzhu,整租·书韵名邸 1室1厅 南,整租,书韵名邸,余杭区-良渚-书韵名邸,39.00,1室1厅,南,,1650,42.3,,,https://hz.lianjia.com/zufang/HZ2139737484945260544.html,2026-05-03 23:22:16,30.383002,120.045128
liangzhu,合租·昆华玉府 3居室 南卧,合租,昆华玉府 3居室 南卧,余杭区-良渚-昆华玉府,20.00,,,,800,40.0,,,https://hz.lianjia.com/zufang/HZ2140100298939564032.html,2026-05-03 23:22:16,30.3398,120.08912
liangzhu,整租·周家里 2室1厅 南,整租,周家里,余杭区-良渚-周家里,77.00,2室1厅,南,,2250,29.2,,,https://hz.lianjia.com/zufang/HZ2140271835218968576.html,2026-05-03 23:22:16,30.37437,120.04619
liangzhu,整租·碧水澜天华庭 3室2厅 东/南,整租,碧水澜天华庭,余杭区-良渚-碧水澜天华庭,89.00,3室2厅,东/南,,3600,40.4,,,https://hz.lianjia.com/zufang/HZ2140324467983777792.html,2026-05-03 23:22:16,30.384134,120.111837
liangzhu,整租·溪谷岚湾 4室2厅 南,整租,溪谷岚湾,余杭区-良渚-溪谷岚湾,129.00,4室2厅,南,,4800,37.2,,,https://hz.lianjia.com/zufang/HZ2140314897144086528.html,2026-05-03 23:22:16,30.399463,120.008413
liangzhu,整租·良渚文化村柳映坊三期 4室2厅 南,整租,良渚文化村柳映坊三期,余杭区-良渚-良渚文化村柳映坊三期,118.00,4室2厅,南,,5500,46.6,,,https://hz.lianjia.com/zufang/HZ2140358185146384384.html,2026-05-03 23:22:16,30.36196,120.0234
liangzhu,合租·白洋港城二期 2居室 南卧,合租,白洋港城二期 2居室 南卧,余杭区-良渚-白洋港城二期,60.00,,,,2500,41.7,,,https://hz.lianjia.com/zufang/HZ2140339514118242304.html,2026-05-03 23:22:16,30.351706,120.077502
liangzhu,整租·杜甫新苑杜雅苑 4室2厅 南,整租,杜甫新苑杜雅苑,余杭区-良渚-杜甫新苑杜雅苑,160.00,4室2厅,南,,6250,39.1,,,https://hz.lianjia.com/zufang/HZ2140733434035699712.html,2026-05-03 23:22:16,30.35363,120.02397
liangzhu,整租·亿丰蔚蓝郡 4室2厅 南,整租,亿丰蔚蓝郡,余杭区-良渚-亿丰蔚蓝郡,132.00,4室2厅,南,,3510,26.6,,,https://hz.lianjia.com/zufang/HZ2140747431388643328.html,2026-05-03 23:22:16,30.365985,120.058893
liangzhu,合租·杜甫新苑 6居室 南卧,合租,杜甫新苑 6居室 南卧,余杭区-良渚-杜甫新苑,161.00,,,,1500,9.3,,,https://hz.lianjia.com/zufang/HZ2140327610666713088.html,2026-05-03 23:22:16,30.35363,120.02397
liangzhu,合租·杜甫新苑 6居室 南卧,合租,杜甫新苑 6居室 南卧,余杭区-良渚-杜甫新苑,35.00,,,,1650,47.1,,,https://hz.lianjia.com/zufang/HZ2140325291115937792.html,2026-05-03 23:22:16,30.35363,120.02397
liangzhu,整租·奥克斯缔逸城 1室1厅 南,整租,奥克斯缔逸城,余杭区-良渚-奥克斯缔逸城,53.00,1室1厅,南,,2300,43.4,,,https://hz.lianjia.com/zufang/HZ2140755724140019712.html,2026-05-03 23:22:16,30.424074,120.046175
liangzhu,整租·万科良渚文化村秋荷坊 3室2厅 南,整租,万科良渚文化村秋荷坊,余杭区-良渚-万科良渚文化村秋荷坊,137.50,3室2厅,南,,5200,37.8,,,https://hz.lianjia.com/zufang/HZ2140745143999791104.html,2026-05-03 23:22:16,30.3598,120.02024
liangzhu,整租·未来城一期 3室2厅 南,整租,未来城一期,余杭区-良渚-未来城一期,98.00,3室2厅,南,,4100,41.8,,,https://hz.lianjia.com/zufang/HZ2140644692054769664.html,2026-05-03 23:22:16,30.36483,120.04944
liangzhu,整租·万科未来之光 1室1厅 南,整租,万科未来之光,余杭区-良渚-万科未来之光,35.00,1室1厅,南,,2600,74.3,,,https://hz.lianjia.com/zufang/HZ2140639119850602496.html,2026-05-03 23:22:16,30.36968,120.02285
liangzhu,整租·上亿SOHO 1室1厅 北,整租,上亿SOHO,余杭区-良渚-上亿,62.00,1室1厅,北,,2000,32.3,,,https://hz.lianjia.com/zufang/HZ2140427439061336064.html,2026-05-03 23:22:16,30.384134,120.111837
liangzhu,整租·良渚文化村春漫里 1室1厅 南,整租,良渚文化村春漫里,余杭区-良渚-良渚文化村春漫里,87.00,1室1厅,南,,3500,40.2,,,https://hz.lianjia.com/zufang/HZ2141087033269944320.html,2026-05-03 23:22:16,30.36082,120.0175
liangzhu,整租·香格里拉蓝月春晓 4室2厅 东南,整租,香格里拉蓝月春晓,余杭区-良渚-香格里拉蓝月春晓,135.00,4室2厅,东南,,6750,50.0,,,https://hz.lianjia.com/zufang/HZ2140994026990469120.html,2026-05-03 23:22:16,30.348427,119.991626
liangzhu,整租·良渚文化村七贤郡 3室2厅 南,整租,良渚文化村七贤郡,余杭区-良渚-良渚文化村七贤郡,84.00,3室2厅,南,,3500,41.7,,,https://hz.lianjia.com/zufang/HZ2140813622811557888.html,2026-05-03 23:22:16,30.349967,120.001941
liangzhu,整租·良渚文化村春漫里 1室0厅 南,整租,良渚文化村春漫里,余杭区-良渚-良渚文化村春漫里,70.00,1室0厅,南,,2700,38.6,,,https://hz.lianjia.com/zufang/HZ2141454401817018368.html,2026-05-03 23:22:16,30.36082,120.0175
liangzhu,整租·良渚文化村白鹭郡东 3室1厅 南,整租,良渚文化村白鹭郡东,余杭区-良渚-良渚文化村白鹭郡东,113.00,3室1厅,南,,4500,39.8,,,https://hz.lianjia.com/zufang/HZ2141138484327350272.html,2026-05-03 23:22:16,30.365944,120.02439
liangzhu,整租·烟雨颐和江南府 5室2厅 南,整租,烟雨颐和江南府,余杭区-良渚-烟雨颐和江南府,138.00,5室2厅,南,,6000,43.5,,,https://hz.lianjia.com/zufang/HZ2143542602807377920.html,2026-05-03 23:22:58,30.384134,120.111837
liangzhu,整租·万科未来城三期梦溪里 3室2厅 南,整租,万科未来城三期梦溪里,余杭区-良渚-万科未来城三期梦溪里,86.00,3室2厅,南,,3500,40.7,,,https://hz.lianjia.com/zufang/HZ2143579219609780224.html,2026-05-03 23:22:58,30.367897,120.049552
liangzhu,整租·望城 3室2厅 南,整租,望城,余杭区-良渚-望城,90.00,3室2厅,南,,3500,38.9,,,https://hz.lianjia.com/zufang/HZ2143636190673240064.html,2026-05-03 23:22:58,30.384134,120.111837
liangzhu,整租·溪谷岚湾 4室2厅 南,整租,溪谷岚湾,余杭区-良渚-溪谷岚湾,125.00,4室2厅,南,,4800,38.4,,,https://hz.lianjia.com/zufang/HZ2143660612729700352.html,2026-05-03 23:22:58,30.399463,120.008413
liangzhu,整租·良渚文化村探梅里B 2室2厅 南,整租,良渚文化村探梅里B,余杭区-良渚-良渚文化村探梅里,88.00,2室2厅,南,,4000,45.5,,,https://hz.lianjia.com/zufang/HZ2153684715914133504.html,2026-05-03 23:24:15,30.356496,120.01652
liangzhu,整租·未来城一期 3室2厅 南,整租,未来城一期,余杭区-良渚-未来城一期,88.00,3室2厅,南,,3500,39.8,,,https://hz.lianjia.com/zufang/HZ2153693130564567040.html,2026-05-03 23:24:15,30.36483,120.04944
liangzhu,合租·周家里 1居室 北卧,合租,周家里 1居室 北卧,余杭区-良渚-周家里,20.00,,,,900,45.0,,,https://hz.lianjia.com/zufang/HZ2153744084232044544.html,2026-05-03 23:24:15,30.37437,120.04619
liangzhu,整租·溪谷岚湾 4室2厅 跃层 南,整租,溪谷岚湾,余杭区-良渚-溪谷岚湾,144.00,4室2厅,,,8000,55.6,,,https://hz.lianjia.com/zufang/HZ2153786880859045888.html,2026-05-03 23:24:15,30.399463,120.008413
liangzhu,整租·荀山花苑 3室1厅 南,整租,荀山花苑,余杭区-良渚-荀山花苑,98.00,3室1厅,南,,1500,15.3,,,https://hz.lianjia.com/zufang/HZ2154072117799288832.html,2026-05-03 23:24:15,30.380487,120.044464
liangzhu,整租·上实白洋港城一期 3室2厅 南,整租,上实白洋港城一期,余杭区-良渚-上实白洋港城一期,89.00,3室2厅,南,,3000,33.7,,,https://hz.lianjia.com/zufang/HZ2154078330373013504.html,2026-05-03 23:24:15,30.351287,120.074562
liangzhu,整租·书韵名邸 1室1厅 东,整租,书韵名邸,余杭区-良渚-书韵名邸,27.00,1室1厅,东,,1500,55.6,,,https://hz.lianjia.com/zufang/HZ2154457026506260480.html,2026-05-03 23:22:58,30.383002,120.045128
liangzhu,整租·良渚文化村探梅里B 1室1厅 南,整租,良渚文化村探梅里B,余杭区-良渚-良渚文化村探梅里,78.00,1室1厅,南,,3500,44.9,,,https://hz.lianjia.com/zufang/HZ2154487311901917184.html,2026-05-03 23:22:58,30.356496,120.01652
liangzhu,整租·万科良渚文化村秋荷坊 4室2厅 南/北,整租,万科良渚文化村秋荷坊,余杭区-良渚-万科良渚文化村秋荷坊,182.48,4室2厅,南/北,,8000,43.8,,,https://hz.lianjia.com/zufang/HZ2154854562484191232.html,2026-05-03 23:26:02,30.3598,120.02024
liangzhu,整租·良渚文化村探梅里B 2室2厅 南,整租,良渚文化村探梅里B,余杭区-良渚-良渚文化村探梅里,88.00,2室2厅,南,,4000,45.5,,,https://hz.lianjia.com/zufang/HZ2154563834491174912.html,2026-05-03 23:26:02,30.356496,120.01652
liangzhu,整租·良渚文化村探梅里B 2室2厅 南,整租,良渚文化村探梅里B,余杭区-良渚-良渚文化村探梅里,88.00,2室2厅,南,,4000,45.5,,,https://hz.lianjia.com/zufang/HZ2154547453716594688.html,2026-05-03 23:26:02,30.356496,120.01652
liangzhu,整租·万科未来之光 1室1厅 西,整租,万科未来之光,余杭区-良渚-万科未来之光,25.07,1室1厅,西,,2000,79.8,,,https://hz.lianjia.com/zufang/HZ2154843715749806080.html,2026-05-03 23:26:02,30.36968,120.02285
liangzhu,合租·白洋港城二期 4居室 南卧,合租,白洋港城二期 4居室 南卧,余杭区-良渚-白洋港城二期,15.00,,,,1300,86.7,,,https://hz.lianjia.com/zufang/HZ2155159419388690432.html,2026-05-03 23:26:02,30.350779,120.077904
liangzhu,整租·荀庄 9室4厅 南,整租,荀庄,余杭区-良渚-荀庄,247.83,9室4厅,南,,19000,76.7,,,https://hz.lianjia.com/zufang/HZ2154946679197925376.html,2026-05-03 23:24:15,30.38569,120.03411
liangzhu,整租·石榴派 4室2厅 南,整租,石榴派,余杭区-良渚-石榴派,143.80,4室2厅,南,,4000,27.8,,,https://hz.lianjia.com/zufang/HZ2154935100322611200.html,2026-05-03 23:24:15,30.384134,120.111837
liangzhu,合租·白洋港城二期 4居室 南卧,合租,白洋港城二期 4居室 南卧,余杭区-良渚-白洋港城二期,18.00,,,,1300,72.2,,,https://hz.lianjia.com/zufang/HZ2155158321475092480.html,2026-05-03 23:24:15,30.350779,120.077904
liangzhu,合租·联发藏珑大境 3居室 南卧,合租,联发藏珑大境 3居室 南卧,余杭区-良渚-联发藏珑大境,40.00,,,,1500,37.5,,,https://hz.lianjia.com/zufang/HZ2155214148558913536.html,2026-05-03 23:24:15,30.365039,120.058319
liangzhu,合租·和光尘樾轩 3居室 南卧,合租,和光尘樾轩 3居室 南卧,余杭区-良渚-和光尘樾轩,20.00,,,,1500,75.0,,,https://hz.lianjia.com/zufang/HZ2155225243671592960.html,2026-05-03 23:24:15,30.3398,120.08912
liangzhu,整租·良渚文化村白鹭郡北 2室2厅 南,整租,良渚文化村白鹭郡北,余杭区-良渚-良渚文化村白鹭郡北,96.00,2室2厅,南,,3000,31.2,,,https://hz.lianjia.com/zufang/HZ2155277886389485568.html,2026-05-03 23:26:02,30.36552,120.019401
liangzhu,整租·碧水澜天华庭 4室2厅 南,整租,碧水澜天华庭,余杭区-良渚-碧水澜天华庭,125.00,4室2厅,南,,4300,34.4,,,https://hz.lianjia.com/zufang/HZ2155506084536647680.html,2026-05-03 23:26:02,30.384134,120.111837
liangzhu,整租·融信沐水澜轩 3室2厅 南,整租,融信沐水澜轩,余杭区-良渚-融信沐水澜轩,113.00,3室2厅,南,,3800,33.6,,,https://hz.lianjia.com/zufang/HZ2155528314461093888.html,2026-05-03 23:26:02,30.384134,120.111837
liangzhu,整租·万科未来城二期 3室2厅 南,整租,万科未来城二期,余杭区-良渚-万科未来城二期,89.00,3室2厅,南,,4000,44.9,,,https://hz.lianjia.com/zufang/HZ2155567474047713280.html,2026-05-03 23:26:02,30.362888,120.045623
liangzhu,整租·上亿SOHO 3室1厅 南,整租,上亿SOHO,余杭区-良渚-上亿,60.00,3室1厅,南,,2800,46.7,,,https://hz.lianjia.com/zufang/HZ2155601775787245568.html,2026-05-03 23:24:15,30.384134,120.111837
liangzhu,整租·和光尘樾轩 2室1厅 跃层 南,整租,和光尘樾轩,余杭区-良渚-和光尘樾轩,77.00,2室1厅,,,3500,45.5,,,https://hz.lianjia.com/zufang/HZ2155639938270363648.html,2026-05-03 23:24:15,30.384134,120.111837
liangzhu,整租·碧水澜天华庭 3室2厅 南,整租,碧水澜天华庭,余杭区-良渚-碧水澜天华庭,89.00,3室2厅,南,,4000,44.9,,,https://hz.lianjia.com/zufang/HZ2155963750186745856.html,2026-05-03 23:24:24,30.384134,120.111837
liangzhu,合租·杜甫新苑 6居室 南卧,合租,杜甫新苑 6居室 南卧,余杭区-良渚-杜甫新苑,20.00,,,,1100,55.0,,,https://hz.lianjia.com/zufang/HZ2156029412959584256.html,2026-05-03 23:24:24,30.35363,120.02397
liangzhu,整租·万科未来之光 1室1厅 南,整租,万科未来之光,余杭区-良渚-万科未来之光,35.00,1室1厅,南,,3000,85.7,,,https://hz.lianjia.com/zufang/HZ2156235118895693824.html,2026-05-03 23:24:24,30.36968,120.02285
liangzhu,整租·万科未来城三期梦溪里 3室2厅 南,整租,万科未来城三期梦溪里,余杭区-良渚-万科未来城三期梦溪里,90.00,3室2厅,南,,4300,47.8,,,https://hz.lianjia.com/zufang/HZ2155999080352841728.html,2026-05-03 23:24:24,30.367897,120.049552
liangzhu,整租·望城 3室2厅 南,整租,望城,余杭区-良渚-望城,91.00,3室2厅,南,,3000,33.0,,,https://hz.lianjia.com/zufang/HZ2156044326050725888.html,2026-05-03 23:24:24,30.384134,120.111837
liangzhu,整租·良渚文化村七贤郡 2室1厅 南,整租,良渚文化村七贤郡,余杭区-良渚-良渚文化村七贤郡,72.00,2室1厅,南,,2800,38.9,,,https://hz.lianjia.com/zufang/HZ2156238459189067776.html,2026-05-03 23:24:24,30.349967,120.001941
liangzhu,整租·良渚文化村白鹭郡南 3室2厅 南,整租,良渚文化村白鹭郡南,余杭区-良渚-良渚文化村白鹭郡南,88.00,3室2厅,南,,5500,62.5,,,https://hz.lianjia.com/zufang/HZ2156334207872270336.html,2026-05-03 23:24:24,30.360819,120.020315
liangzhu,整租·万科未来城二期 3室2厅 南,整租,万科未来城二期,余杭区-良渚-万科未来城二期,86.00,3室2厅,南,,3900,45.3,,,https://hz.lianjia.com/zufang/HZ2156261816320131072.html,2026-05-03 23:24:24,30.362888,120.045623
liangzhu,整租·溪谷岚湾 4室2厅 东南/南,整租,溪谷岚湾,余杭区-良渚-溪谷岚湾,125.00,4室2厅,东南/南,,4500,36.0,,,https://hz.lianjia.com/zufang/HZ2156265656599707648.html,2026-05-03 23:24:24,30.399463,120.008413
liangzhu,整租·万科郡西澜山 4室2厅 跃层 南,整租,万科郡西澜山,余杭区-良渚-万科郡西澜山,195.00,4室2厅,,,10000,51.3,,,https://hz.lianjia.com/zufang/HZ2156277376084869120.html,2026-05-03 23:24:24,30.36968,120.02285
liangzhu,整租·良渚文化村白鹭郡南 3室2厅 南,整租,良渚文化村白鹭郡南,余杭区-良渚-良渚文化村白鹭郡南,65.00,3室2厅,南,,5500,84.6,,,https://hz.lianjia.com/zufang/HZ2156338642388254720.html,2026-05-03 23:24:24,30.360819,120.020315
liangzhu,整租·东田玉城 2室2厅 南,整租,东田玉城,余杭区-良渚-东田玉城,89.00,2室2厅,南,,2600,29.2,,,https://hz.lianjia.com/zufang/HZ2156370872011587584.html,2026-05-03 23:24:24,30.348829,119.987038
liangzhu,整租·奥克斯缔逸城 1室1厅 北,整租,奥克斯缔逸城,余杭区-良渚-奥克斯缔逸城,50.00,1室1厅,北,,1500,30.0,,,https://hz.lianjia.com/zufang/HZ2156440711170359296.html,2026-05-03 23:24:24,30.424074,120.046175
liangzhu,整租·通信桥路10号 3室1厅 南,整租,通信桥路10号,余杭区-良渚-通信桥路,60.00,3室1厅,南,,2500,41.7,,,https://hz.lianjia.com/zufang/HZ2156613715837845504.html,2026-05-03 23:24:24,30.357146,120.081689
liangzhu,整租·竹径云山二期 3室2厅 跃层 南,整租,竹径云山二期,余杭区-良渚-竹径云山二期,123.00,3室2厅,,,7000,56.9,,,https://hz.lianjia.com/zufang/HZ2156605790478139392.html,2026-05-03 23:24:24,30.352193,119.999422
liangzhu,整租·万科良渚文化村秋荷坊 3室2厅 南,整租,万科良渚文化村秋荷坊,余杭区-良渚-万科良渚文化村秋荷坊,138.00,3室2厅,南,,5800,42.0,,,https://hz.lianjia.com/zufang/HZ2156656297439657984.html,2026-05-03 23:24:24,30.3598,120.02024
liangzhu,整租·朗诗美丽洲 4室2厅 跃层 南,整租,朗诗美丽洲,余杭区-良渚-朗诗美丽洲,256.00,4室2厅,,,4000,15.6,,,https://hz.lianjia.com/zufang/HZ2156663490079621120.html,2026-05-03 23:24:24,30.384134,120.111837
liangzhu,整租·良渚文化村春漫里 1室1厅 北,整租,良渚文化村春漫里,余杭区-良渚-良渚文化村春漫里,69.00,1室1厅,北,,2800,40.6,,,https://hz.lianjia.com/zufang/HZ2156733240281399296.html,2026-05-03 23:24:24,30.36082,120.0175
liangzhu,整租·朗诗美丽洲 5室2厅 跃层 南,整租,朗诗美丽洲,余杭区-良渚-朗诗美丽洲,260.00,5室2厅,,,8000,30.8,,,https://hz.lianjia.com/zufang/HZ1946154513647796224.html,2026-05-03 23:23:11,30.384134,120.111837
liangzhu,整租·良渚文化村阳光天际 4室2厅 南,整租,良渚文化村阳光天际,余杭区-良渚-良渚文化村阳光天际,245.00,4室2厅,南,,13300,54.3,,,https://hz.lianjia.com/zufang/HZ1949783386004389888.html,2026-05-03 23:23:11,30.373496,120.030984
liangzhu,整租·香格里拉别墅 5室3厅 复式 南,整租,香格里拉别墅,余杭区-良渚-香格里拉别墅,395.25,5室3厅,,,20000,50.6,,,https://hz.lianjia.com/zufang/HZ1953405208050532352.html,2026-05-03 23:23:11,30.351043,119.988733
liangzhu,合租·联发藏珑大境 5居室 北卧,合租,联发藏珑大境 5居室 北卧,余杭区-良渚-联发藏珑大境,25.00,,,,1200,48.0,,,https://hz.lianjia.com/zufang/HZ1947581321429647360.html,2026-05-03 23:23:11,30.365039,120.058319
liangzhu,合租·昆华玉府 4居室 南卧,合租,昆华玉府 4居室 南卧,余杭区-良渚-昆华玉府,15.00,,,,1000,66.7,,,https://hz.lianjia.com/zufang/HZ1955125248504365056.html,2026-05-03 23:23:11,30.3398,120.08912
liangzhu,整租·良渚文化村竹径茶语 5室2厅 南,整租,良渚文化村竹径茶语,余杭区-良渚-良渚文化村竹径茶语,264.00,5室2厅,南,,29000,109.8,,,https://hz.lianjia.com/zufang/HZ1953374833802739712.html,2026-05-03 23:23:11,30.374721,120.014867
liangzhu,整租·万科未来城三期梦溪里 3室2厅 东南,整租,万科未来城三期梦溪里,余杭区-良渚-万科未来城三期梦溪里,109.05,3室2厅,东南,,4500,41.3,,,https://hz.lianjia.com/zufang/HZ1957742682243596288.html,2026-05-03 23:23:11,30.367897,120.049552
liangzhu,合租·和光尘樾轩 3居室 南卧,合租,和光尘樾轩 3居室 南卧,余杭区-良渚-和光尘樾轩,10.00,,,,900,90.0,,,https://hz.lianjia.com/zufang/HZ1959474829849526272.html,2026-05-03 23:23:11,30.3398,120.08912
liangzhu,合租·昆华玉府 4居室 东卧,合租,昆华玉府 4居室 东卧,余杭区-良渚-昆华玉府,18.00,,,,1050,58.3,,,https://hz.lianjia.com/zufang/HZ1958821948423143424.html,2026-05-03 23:23:11,30.3444,120.08879
liangzhu,整租·溪谷岚湾 3室2厅 南,整租,溪谷岚湾,余杭区-良渚-溪谷岚湾,110.00,3室2厅,南,,4200,38.2,,,https://hz.lianjia.com/zufang/HZ2132400914202361856.html,2026-05-03 23:23:15,30.399463,120.008413
liangzhu,整租·石榴派 3室2厅 南/北,整租,石榴派,余杭区-良渚-石榴派,105.00,3室2厅,南/北,,3000,28.6,,,https://hz.lianjia.com/zufang/HZ1834139956524613632.html,2026-05-03 23:24:10,30.384134,120.111837
liangzhu,合租·越秀星汇悦城 4居室 南卧,合租,越秀星汇悦城 4居室 南卧,余杭区-良渚-越秀星汇悦城,20.00,,,,1000,50.0,,,https://hz.lianjia.com/zufang/HZ1836301831416840192.html,2026-05-03 23:24:10,30.35492,120.06523
liangzhu,整租·良渚十六街区 3室2厅 南,整租,良渚十六街区,余杭区-良渚-良渚十六街区,135.00,3室2厅,南,,3600,26.7,,,https://hz.lianjia.com/zufang/HZ2041728566256730112.html,2026-05-03 23:23:20,30.380097,120.046612
liangzhu,整租·烟雨颐和江南府 3室2厅 南/北,整租,烟雨颐和江南府,余杭区-良渚-烟雨颐和江南府,113.00,3室2厅,南/北,,4700,41.6,,,https://hz.lianjia.com/zufang/HZ2044350128000598016.html,2026-05-03 23:23:20,30.384134,120.111837
liangzhu,整租·奥克斯缔逸城 1室1厅 南,整租,奥克斯缔逸城,余杭区-良渚-奥克斯缔逸城,50.00,1室1厅,南,,2300,46.0,,,https://hz.lianjia.com/zufang/HZ2045085616042934272.html,2026-05-03 23:23:20,30.424074,120.046175
liangzhu,整租·联发藏珑大境 5室2厅 跃层 南,整租,联发藏珑大境,余杭区-良渚-联发藏珑大境,167.00,5室2厅,,,7000,41.9,,,https://hz.lianjia.com/zufang/HZ1888894007514234880.html,2026-05-03 23:23:20,30.365039,120.058319
liangzhu,合租·奥克斯缔逸城 5居室 南卧,合租,奥克斯缔逸城 5居室 南卧,余杭区-良渚-奥克斯缔逸城,35.00,,,,1500,42.9,,,https://hz.lianjia.com/zufang/HZ1932792860495577088.html,2026-05-03 23:23:20,30.424074,120.046175
liangzhu,整租·万科未来城二期 3室2厅 南,整租,万科未来城二期,余杭区-良渚-万科未来城二期,89.00,3室2厅,南,,4000,44.9,,,https://hz.lianjia.com/zufang/HZ2161370725309480960.html,2026-05-03 23:23:20,30.362888,120.045623
liangzhu,整租·奥克斯缔逸城 1室1厅 东/南,整租,奥克斯缔逸城,余杭区-良渚-奥克斯缔逸城,50.00,1室1厅,东/南,,1900,38.0,,,https://hz.lianjia.com/zufang/HZ2151699691505451008.html,2026-05-03 23:23:24,30.424074,120.046175
liangzhu,整租·奥克斯缔逸城 1室1厅 南,整租,奥克斯缔逸城,余杭区-良渚-奥克斯缔逸城,50.58,1室1厅,南,,1950,38.6,,,https://hz.lianjia.com/zufang/HZ2151885591959044096.html,2026-05-03 23:23:24,30.424074,120.046175
liangzhu,整租·和光尘樾轩 4室2厅 南,整租,和光尘樾轩,余杭区-良渚-和光尘樾轩,133.00,4室2厅,南,,5500,41.4,,,https://hz.lianjia.com/zufang/HZ2151974068650246144.html,2026-05-03 23:23:24,30.384134,120.111837
liangzhu,合租·和光尘樾轩 3居室 南卧,合租,和光尘樾轩 3居室 南卧,余杭区-良渚-和光尘樾轩,40.00,,,,1200,30.0,,,https://hz.lianjia.com/zufang/HZ2152034842919829504.html,2026-05-03 23:24:10,30.3398,120.08912
liangzhu,整租·白洋港城二期 3室2厅 南,整租,白洋港城二期,余杭区-良渚-白洋港城二期,89.00,3室2厅,南,,4000,44.9,,,https://hz.lianjia.com/zufang/HZ2152332510422368256.html,2026-05-03 23:24:10,30.350051,120.077238
liangzhu,合租·和光尘樾轩 3居室 南卧,合租,和光尘樾轩 3居室 南卧,余杭区-良渚-和光尘樾轩,10.00,,,,850,85.0,,,https://hz.lianjia.com/zufang/HZ2152247959788453888.html,2026-05-03 23:24:10,30.3398,120.08912
liangzhu,整租·未来城一期 3室2厅 南,整租,未来城一期,余杭区-良渚-未来城一期,87.82,3室2厅,南,,3600,41.0,,,https://hz.lianjia.com/zufang/HZ2152380973902200832.html,2026-05-03 23:24:10,30.36483,120.04944
liangzhu,整租·万科未来城三期梦溪里 3室2厅 南,整租,万科未来城三期梦溪里,余杭区-良渚-万科未来城三期梦溪里,87.00,3室2厅,南,,3600,41.4,,,https://hz.lianjia.com/zufang/HZ2152651954604474368.html,2026-05-03 23:24:10,30.367897,120.049552
liangzhu,整租·奥克斯缔逸城 1室0厅 南,整租,奥克斯缔逸城,余杭区-良渚-奥克斯缔逸城,49.59,1室0厅,南,,2200,44.4,,,https://hz.lianjia.com/zufang/HZ2152664685269221376.html,2026-05-03 23:24:10,30.424074,120.046175
liangzhu,整租·良渚花苑新村 3室1厅 南,整租,良渚花苑新村,余杭区-良渚-良渚花苑新村,81.89,3室1厅,南,,2300,28.1,,,https://hz.lianjia.com/zufang/HZ2152661316383277056.html,2026-05-03 23:24:10,30.38058,120.05155
liangzhu,合租·昆华玉府 3居室 南卧,合租,昆华玉府 3居室 南卧,余杭区-良渚-昆华玉府,9.00,,,,700,77.8,,,https://hz.lianjia.com/zufang/HZ2119020814501150720.html,2026-05-03 23:23:24,30.3398,120.08912
liangzhu,合租·昆华玉府 4居室 南卧,合租,昆华玉府 4居室 南卧,余杭区-良渚-昆华玉府,20.00,,,,800,40.0,,,https://hz.lianjia.com/zufang/HZ2119042861038043136.html,2026-05-03 23:23:24,30.3398,120.08912
liangzhu,整租·良渚文化村春漫里 1室0厅 南,整租,良渚文化村春漫里,余杭区-良渚-良渚文化村春漫里,62.00,1室0厅,南,,2500,40.3,,,https://hz.lianjia.com/zufang/HZ2119704977751408640.html,2026-05-03 23:23:24,30.36082,120.0175
liangzhu,整租·棕榈湾二期 4室2厅 南,整租,棕榈湾二期,余杭区-良渚-棕榈湾二期,168.00,4室2厅,南,,4000,23.8,,,https://hz.lianjia.com/zufang/HZ2119736816151035904.html,2026-05-03 23:23:24,30.363937,120.083636
liangzhu,整租·周家里 3室1厅 南,整租,周家里,余杭区-良渚-周家里,90.00,3室1厅,南,,2500,27.8,,,https://hz.lianjia.com/zufang/HZ2120451985076387840.html,2026-05-03 23:23:24,30.37437,120.04619
liangzhu,整租·万科良渚文化村秋荷坊 5室2厅 南,整租,万科良渚文化村秋荷坊,余杭区-良渚-万科良渚文化村秋荷坊,180.00,5室2厅,南,,11000,61.1,,,https://hz.lianjia.com/zufang/HZ2120766924181733376.html,2026-05-03 23:23:24,30.3598,120.02024
liangzhu,整租·缦云坊 3室2厅 南/北,整租,缦云坊,余杭区-良渚-缦云坊,88.00,3室2厅,南/北,,3800,43.2,,,https://hz.lianjia.com/zufang/HZ2121224178790039552.html,2026-05-03 23:23:24,30.384134,120.111837
liangzhu,整租·缦云坊 3室2厅 南/北,整租,缦云坊,余杭区-良渚-缦云坊,87.00,3室2厅,南/北,,3500,40.2,,,https://hz.lianjia.com/zufang/HZ2120454149010096128.html,2026-05-03 23:23:24,30.384134,120.111837
liangzhu,合租·棕榈湾二期 6居室 北卧,合租,棕榈湾二期 6居室 北卧,余杭区-良渚-棕榈湾二期,25.00,,,,1000,40.0,,,https://hz.lianjia.com/zufang/HZ2121149931761696768.html,2026-05-03 23:23:24,30.363937,120.083636
liangzhu,整租·缦云坊 4室2厅 跃层 南,整租,缦云坊,余杭区-良渚-缦云坊,86.59,4室2厅,,,4200,48.5,,,https://hz.lianjia.com/zufang/HZ2120874070722478080.html,2026-05-03 23:23:24,30.384134,120.111837
liangzhu,合租·棕榈湾二期 6居室 南卧,合租,棕榈湾二期 6居室 南卧,余杭区-良渚-棕榈湾二期,15.00,,,,800,53.3,,,https://hz.lianjia.com/zufang/HZ2121194447881371648.html,2026-05-03 23:23:24,30.363937,120.083636
liangzhu,整租·石榴派 3室1厅 南/北,整租,石榴派,余杭区-良渚-石榴派,102.00,3室1厅,南/北,,2000,19.6,,,https://hz.lianjia.com/zufang/HZ2121852837037080576.html,2026-05-03 23:23:24,30.384134,120.111837
liangzhu,整租·良渚文化村白鹭郡北 4室2厅 南,整租,良渚文化村白鹭郡北,余杭区-良渚-良渚文化村白鹭郡北,220.00,4室2厅,南,,6500,29.5,,,https://hz.lianjia.com/zufang/HZ2121935320323719168.html,2026-05-03 23:23:24,30.36552,120.019401
liangzhu,整租·良渚文化村白鹭郡东 2室2厅 南,整租,良渚文化村白鹭郡东,余杭区-良渚-良渚文化村白鹭郡东,99.00,2室2厅,南,,4500,45.5,,,https://hz.lianjia.com/zufang/HZ2122213603695132672.html,2026-05-03 23:23:24,30.365944,120.02439
liangzhu,整租·溪谷岚湾 3室2厅 南/北,整租,溪谷岚湾,余杭区-良渚-溪谷岚湾,110.00,3室2厅,南/北,,4200,38.2,,,https://hz.lianjia.com/zufang/HZ2122677574558547968.html,2026-05-03 23:23:24,30.399463,120.008413
liangzhu,整租·良渚文化村探梅里B 2室1厅 南,整租,良渚文化村探梅里B,余杭区-良渚-良渚文化村探梅里,88.04,2室1厅,南,,3500,39.8,,,https://hz.lianjia.com/zufang/HZ2122326643912474624.html,2026-05-03 23:23:24,30.356496,120.01652
liangzhu,整租·万科郡西澜山 3室2厅 南/北,整租,万科郡西澜山,余杭区-良渚-万科郡西澜山,125.00,3室2厅,南/北,,11000,88.0,,,https://hz.lianjia.com/zufang/HZ2122620753479204864.html,2026-05-03 23:23:24,30.36968,120.02285
liangzhu,整租·绿城熙海棠 4室2厅 南,整租,绿城熙海棠,西湖区-良渚-绿城熙海棠,118.00,4室2厅,南,,5500,46.6,,,https://hz.lianjia.com/zufang/HZ2123045308395945984.html,2026-05-03 23:23:24,30.221,120.12144
liangzhu,整租·白洋港城二期 3室2厅 南,整租,白洋港城二期,余杭区-良渚-白洋港城二期,83.00,3室2厅,南,,3300,39.8,,,https://hz.lianjia.com/zufang/HZ2151566275204087808.html,2026-05-03 23:23:24,30.350051,120.077238
liangzhu,整租·梦溪东明山居 3室2厅 南,整租,梦溪东明山居,余杭区-良渚-梦溪东明山居,89.80,3室2厅,南,,2500,27.8,,,https://hz.lianjia.com/zufang/HZ2151598382542487552.html,2026-05-03 23:23:24,30.384134,120.111837
liangzhu,整租·碧水澜天华庭 3室2厅 南,整租,碧水澜天华庭,余杭区-良渚-碧水澜天华庭,89.00,3室2厅,南,,3400,38.2,,,https://hz.lianjia.com/zufang/HZ2151670193166745600.html,2026-05-03 23:23:24,30.384134,120.111837
liangzhu,整租·香格里拉蓝月春晓 3室2厅 南,整租,香格里拉蓝月春晓,余杭区-良渚-香格里拉蓝月春晓,100.00,3室2厅,南,,4700,47.0,,,https://hz.lianjia.com/zufang/HZ2157068800057409536.html,2026-05-03 23:23:28,30.348427,119.991626
liangzhu,合租·杜甫新苑杜雅苑 4居室 南卧,合租,杜甫新苑杜雅苑 4居室 南卧,余杭区-良渚-杜甫新苑杜雅苑,25.00,,,,1100,44.0,,,https://hz.lianjia.com/zufang/HZ2157083544801771520.html,2026-05-03 23:23:28,30.35363,120.02397
liangzhu,合租·万科未来之光 2居室 南卧,合租,万科未来之光 2居室 南卧,余杭区-良渚-万科未来之光,36.00,,,,1600,44.4,,,https://hz.lianjia.com/zufang/HZ2157329041776967680.html,2026-05-03 23:23:28,30.36968,120.02285
liangzhu,合租·上实白洋港城一期 2居室 南卧,合租,上实白洋港城一期 2居室 南卧,余杭区-良渚-上实白洋港城一期,10.00,,,,900,90.0,,,https://hz.lianjia.com/zufang/HZ2157346351858319360.html,2026-05-03 23:23:28,30.349027,120.07504
liangzhu,合租·上实白洋港城一期 2居室 西/北卧,合租,上实白洋港城一期 2居室 西/北卧,余杭区-良渚-上实白洋港城一期,15.00,,,,1600,106.7,,,https://hz.lianjia.com/zufang/HZ2157347025937498112.html,2026-05-03 23:23:28,30.351287,120.074562
liangzhu,整租·合嵣悦府 4室2厅 南,整租,合嵣悦府,余杭区-良渚-合嵣悦府,160.00,4室2厅,南,,3800,23.8,,,https://hz.lianjia.com/zufang/HZ2157388326108135424.html,2026-05-03 23:23:28,30.37881,120.04805
liangzhu,整租·瑞和园 3室2厅 南,整租,瑞和园,余杭区-良渚-瑞和园,89.00,3室2厅,南,,3100,34.8,,,https://hz.lianjia.com/zufang/HZ2157399946943266816.html,2026-05-03 23:23:28,30.384134,120.111837
liangzhu,整租·中粮康良祥云府 4室2厅 南,整租,中粮康良祥云府,余杭区-良渚-中粮康良祥云府,126.00,4室2厅,南,,5200,41.3,,,https://hz.lianjia.com/zufang/HZ2157433113662193664.html,2026-05-03 23:23:28,30.38136,120.04276
liangzhu,合租·越秀星汇悦城 3居室 南卧,合租,越秀星汇悦城 3居室 南卧,余杭区-良渚-越秀星汇悦城,25.00,,,,1400,56.0,,,https://hz.lianjia.com/zufang/HZ2158045901308821504.html,2026-05-03 23:24:24,30.35492,120.06523
liangzhu,整租·上实白洋港城一期 4室2厅 南,整租,上实白洋港城一期,余杭区-良渚-上实白洋港城一期,124.00,4室2厅,南,,4800,38.7,,,https://hz.lianjia.com/zufang/HZ2158096945766203392.html,2026-05-03 23:24:24,30.351287,120.074562
liangzhu,整租·万科未来城二期 3室1厅 南,整租,万科未来城二期,余杭区-良渚-万科未来城二期,89.00,3室1厅,南,,4300,48.3,,,https://hz.lianjia.com/zufang/HZ2158403625737519104.html,2026-05-03 23:24:28,30.362888,120.045623
liangzhu,整租·周家里 2室1厅 西南,整租,周家里,余杭区-良渚-周家里,71.00,2室1厅,西南,,2500,35.2,,,https://hz.lianjia.com/zufang/HZ2158165348434575360.html,2026-05-03 23:23:28,30.37437,120.04619
liangzhu,整租·朗诗美丽洲 4室2厅 跃层 南,整租,朗诗美丽洲,余杭区-良渚-朗诗美丽洲,252.44,4室2厅,,,15000,59.4,,,https://hz.lianjia.com/zufang/HZ2158520644088627200.html,2026-05-03 23:24:28,30.384134,120.111837
liangzhu,整租·缦云坊 3室2厅 南,整租,缦云坊,余杭区-良渚-缦云坊,89.00,3室2厅,南,,3500,39.3,,,https://hz.lianjia.com/zufang/HZ2158560996816322560.html,2026-05-03 23:24:28,30.384134,120.111837
liangzhu,整租·起梦科创数字园区 1室1厅 跃层 南,整租,起梦科创数字园区,余杭区-良渚-起梦科创数字园区,37.44,1室1厅,,,3200,85.5,,,https://hz.lianjia.com/zufang/HZ1813765431555522560.html,2026-05-03 23:24:03,30.384134,120.111837
liangzhu,整租·九衡公寓 3室2厅 南,整租,九衡公寓,余杭区-良渚-九衡公寓,111.00,3室2厅,南,,3300,29.7,,,https://hz.lianjia.com/zufang/HZ2155596433368023040.html,2026-05-03 23:24:15,30.384134,120.111837
liangzhu,整租·绿城玉海棠里 3室2厅 东南,整租,绿城玉海棠里,余杭区-良渚-绿城玉海棠里,101.00,3室2厅,东南,,5500,54.5,,,https://hz.lianjia.com/zufang/HZ2155670163930742784.html,2026-05-03 23:24:15,30.380909,120.016673
liangzhu,整租·万科未来城二期 3室2厅 南,整租,万科未来城二期,余杭区-良渚-万科未来城二期,89.00,3室2厅,南,,3600,40.4,,,https://hz.lianjia.com/zufang/HZ2155865002525851648.html,2026-05-03 23:24:15,30.362888,120.045623
liangzhu,合租·和光尘樾轩 5居室 南卧,合租,和光尘樾轩 5居室 南卧,余杭区-良渚-和光尘樾轩,20.00,,,,1500,75.0,,,https://hz.lianjia.com/zufang/HZ2155868228511858688.html,2026-05-03 23:24:15,30.3398,120.08912
liangzhu,整租·玉都佳苑 4室2厅 南,整租,玉都佳苑,余杭区-良渚-玉都佳苑,163.00,4室2厅,南,,3000,18.4,,,https://hz.lianjia.com/zufang/HZ2155886465647640576.html,2026-05-03 23:24:24,30.385048,120.050034
liangzhu,合租·上实白洋港城一期 2居室 北卧,合租,上实白洋港城一期 2居室 北卧,余杭区-良渚-上实白洋港城一期,50.00,,,,2500,50.0,,,https://hz.lianjia.com/zufang/HZ2157753198893334528.html,2026-05-03 23:24:24,30.351287,120.074562
liangzhu,整租·联发亚澜湾 4室2厅 南,整租,联发亚澜湾,余杭区-良渚-联发亚澜湾,127.00,4室2厅,南,,5000,39.4,,,https://hz.lianjia.com/zufang/HZ2158068316986408960.html,2026-05-03 23:23:38,30.365039,120.058319
liangzhu,合租·昆华玉府 3居室 北卧,合租,昆华玉府 3居室 北卧,余杭区-良渚-昆华玉府,15.00,,,,800,53.3,,,https://hz.lianjia.com/zufang/HZ2158133863052738560.html,2026-05-03 23:24:24,30.389453,120.053052
liangzhu,整租·溪谷岚湾 3室2厅 南,整租,溪谷岚湾,余杭区-良渚-溪谷岚湾,89.00,3室2厅,南,,3200,36.0,,,https://hz.lianjia.com/zufang/HZ2158191166242160640.html,2026-05-03 23:24:24,30.399463,120.008413
liangzhu,整租·和光尘樾轩 3室2厅 南,整租,和光尘樾轩,余杭区-良渚-和光尘樾轩,95.00,3室2厅,南,,3900,41.1,,,https://hz.lianjia.com/zufang/HZ2158442091238129664.html,2026-05-03 23:24:28,30.384134,120.111837
liangzhu,整租·白洋港城二期 3室2厅 南,整租,白洋港城二期,余杭区-良渚-白洋港城二期,89.00,3室2厅,南,,4200,47.2,,,https://hz.lianjia.com/zufang/HZ2158427571501400064.html,2026-05-03 23:23:38,30.350051,120.077238
liangzhu,合租·万科未来之光 1居室 南卧,合租,万科未来之光 1居室 南卧,余杭区-良渚-万科未来之光,35.64,,,,1900,53.3,,,https://hz.lianjia.com/zufang/HZ2158428973317488640.html,2026-05-03 23:23:38,30.36968,120.02285
liangzhu,整租·未来城一期 3室2厅 南,整租,未来城一期,余杭区-良渚-未来城一期,98.00,3室2厅,南,,4400,44.9,,,https://hz.lianjia.com/zufang/HZ2158541887936397312.html,2026-05-03 23:23:38,30.36483,120.04944
liangzhu,整租·万科良渚文化村秋荷坊 3室2厅 南,整租,万科良渚文化村秋荷坊,余杭区-良渚-万科良渚文化村秋荷坊,138.00,3室2厅,南,,6500,47.1,,,https://hz.lianjia.com/zufang/HZ2158810572391448576.html,2026-05-03 23:23:38,30.3598,120.02024
liangzhu,整租·昆华玉府 4室2厅 南,整租,昆华玉府,余杭区-良渚-昆华玉府,89.00,4室2厅,南,,3500,39.3,,,https://hz.lianjia.com/zufang/HZ2158885257053470720.html,2026-05-03 23:24:28,30.384134,120.111837
liangzhu,整租·万科未来城二期 3室2厅 南,整租,万科未来城二期,余杭区-良渚-万科未来城二期,86.00,3室2厅,南,,4000,46.5,,,https://hz.lianjia.com/zufang/HZ2158856493015760896.html,2026-05-03 23:23:38,30.362888,120.045623
liangzhu,整租·万科未来城三期梦溪里 4室2厅 南,整租,万科未来城三期梦溪里,余杭区-良渚-万科未来城三期梦溪里,125.00,4室2厅,南,,4500,36.0,,,https://hz.lianjia.com/zufang/HZ2158851355920302080.html,2026-05-03 23:23:38,30.367897,120.049552
liangzhu,整租·北秀蓝湾花苑 4室2厅 南,整租,北秀蓝湾花苑,余杭区-良渚-北秀蓝湾花苑,160.00,4室2厅,南,,3800,23.8,,,https://hz.lianjia.com/zufang/HZ2159143772737241088.html,2026-05-03 23:23:38,30.361994,120.113414
liangzhu,整租·昆华玉府 3室2厅 南,整租,昆华玉府,余杭区-良渚-昆华玉府,89.00,3室2厅,南,,3000,33.7,,,https://hz.lianjia.com/zufang/HZ2159152246200205312.html,2026-05-03 23:23:38,30.384134,120.111837
liangzhu,整租·北秀蓝湾花苑 1室1厅 北,整租,北秀蓝湾花苑,余杭区-良渚-北秀蓝湾花苑,30.00,1室1厅,北,,1100,36.7,,,https://hz.lianjia.com/zufang/HZ2159175100534882304.html,2026-05-03 23:23:38,30.361994,120.113414
liangzhu,合租·合嵣悦府 3居室 南卧,合租,合嵣悦府 3居室 南卧,余杭区-良渚-合嵣悦府,55.00,,,,2700,49.1,,,https://hz.lianjia.com/zufang/HZ2159305901901611008.html,2026-05-03 23:24:28,30.37881,120.04805
liangzhu,整租·良渚文化村春漫里 1室1厅 南,整租,良渚文化村春漫里,余杭区-良渚-良渚文化村春漫里,63.00,1室1厅,南,,2800,44.4,,,https://hz.lianjia.com/zufang/HZ2159491561547628544.html,2026-05-03 23:24:28,30.36082,120.0175
liangzhu,整租·万科未来城三期梦溪里 3室2厅 南,整租,万科未来城三期梦溪里,余杭区-良渚-万科未来城三期梦溪里,109.00,3室2厅,南,,4800,44.0,,,https://hz.lianjia.com/zufang/HZ2159239969502134272.html,2026-05-03 23:24:28,30.367897,120.049552
liangzhu,整租·书韵名邸 4室2厅 南,整租,书韵名邸,余杭区-良渚-书韵名邸,139.00,4室2厅,南,,6500,46.8,,,https://hz.lianjia.com/zufang/HZ2159235413389082624.html,2026-05-03 23:24:28,30.383002,120.045128
liangzhu,整租·杜甫新苑 2室1厅 南,整租,杜甫新苑,余杭区-良渚-杜甫新苑,89.00,2室1厅,南,,3600,40.4,,,https://hz.lianjia.com/zufang/HZ2159257036171247616.html,2026-05-03 23:24:28,30.35363,120.02397
liangzhu,整租·良渚文化村七贤郡 4室2厅 跃层 南/北,整租,良渚文化村七贤郡,余杭区-良渚-良渚文化村七贤郡,116.00,4室2厅,,,5000,43.1,,,https://hz.lianjia.com/zufang/HZ2159594224465477632.html,2026-05-03 23:23:38,30.349967,120.001941
liangzhu,整租·烟雨颐和江南府 4室2厅 南,整租,烟雨颐和江南府,余杭区-良渚-烟雨颐和江南府,125.31,4室2厅,南,,6300,50.3,,,https://hz.lianjia.com/zufang/HZ2159668627320602624.html,2026-05-03 23:24:28,30.384134,120.111837
liangzhu,整租·良渚文化村柳映坊三期 3室2厅 南,整租,良渚文化村柳映坊三期,余杭区-良渚-良渚文化村柳映坊三期,117.00,3室2厅,南,,5000,42.7,,,https://hz.lianjia.com/zufang/HZ2160597401641943040.html,2026-05-03 23:23:38,30.36196,120.0234
liangzhu,整租·和昌府 4室2厅 南,整租,和昌府,余杭区-良渚-和昌府,114.00,4室2厅,南,,3100,27.2,,,https://hz.lianjia.com/zufang/HZ1697495880325660672.html,2026-05-03 23:25:20,30.384134,120.111837
liangzhu,整租·香格里拉别墅 6室3厅 南/北,整租,香格里拉别墅,余杭区-良渚-香格里拉别墅,200.00,6室3厅,南/北,,27000,135.0,,,https://hz.lianjia.com/zufang/HZ1700520024218796032.html,2026-05-03 23:25:20,30.351043,119.988733
liangzhu,整租·书韵名邸 1室1厅 南,整租,书韵名邸,余杭区-良渚-书韵名邸,39.00,1室1厅,南,,4000,102.6,,,https://hz.lianjia.com/zufang/HZ1750471403481595904.html,2026-05-03 23:25:20,30.383002,120.045128
liangzhu,整租·联发藏珑大境 4室2厅 跃层 南,整租,联发藏珑大境,余杭区-良渚-联发藏珑大境,144.00,4室2厅,,,3800,26.4,,,https://hz.lianjia.com/zufang/HZ1765940324036771840.html,2026-05-03 23:25:20,30.365039,120.058319
liangzhu,合租·周家里 5居室 南卧,合租,周家里 5居室 南卧,余杭区-良渚-周家里,30.00,,,,1400,46.7,,,https://hz.lianjia.com/zufang/HZ1764583025900781568.html,2026-05-03 23:25:20,30.37437,120.04619
liangzhu,整租·香格里拉别墅 4室2厅 跃层 南,整租,香格里拉别墅,余杭区-良渚-香格里拉别墅,255.00,4室2厅,,,9800,38.4,,,https://hz.lianjia.com/zufang/HZ1710618853744050176.html,2026-05-03 23:25:20,30.351043,119.988733
liangzhu,整租·中粮康良祥云府 4室2厅 复式 南,整租,中粮康良祥云府,余杭区-良渚-中粮康良祥云府,144.00,4室2厅,,,4800,33.3,,,https://hz.lianjia.com/zufang/HZ1704438710646341632.html,2026-05-03 23:25:20,30.38136,120.04276
liangzhu,合租·昆华玉府 4居室 南卧,合租,昆华玉府 4居室 南卧,余杭区-良渚-昆华玉府,20.00,,,,1100,55.0,,,https://hz.lianjia.com/zufang/HZ1752904343641653248.html,2026-05-03 23:25:20,30.3398,120.08912
liangzhu,合租·书林苑 3居室 南卧,合租,书林苑 3居室 南卧,余杭区-良渚-书林苑,12.00,,,,800,66.7,,,https://hz.lianjia.com/zufang/HZ1778044426166206464.html,2026-05-03 23:25:20,30.383002,120.045128
liangzhu,整租·良渚文化村阳光天际 5室2厅 南,整租,良渚文化村阳光天际,余杭区-良渚-良渚文化村阳光天际,250.00,5室2厅,南,,6900,27.6,,,https://hz.lianjia.com/zufang/HZ1826900379242070016.html,2026-05-03 23:24:03,30.373496,120.030984
liangzhu,整租·融信沐水澜轩 4室2厅 跃层 南/北,整租,融信沐水澜轩,余杭区-良渚-融信沐水澜轩,135.00,4室2厅,,,5500,40.7,,,https://hz.lianjia.com/zufang/HZ1832327261143957504.html,2026-05-03 23:24:03,30.384134,120.111837
liangzhu,整租·和昌府 3室2厅 南,整租,和昌府,余杭区-良渚-和昌府,86.99,3室2厅,南,,2300,26.4,,,https://hz.lianjia.com/zufang/HZ1848648627950452736.html,2026-05-03 23:24:10,30.384134,120.111837
liangzhu,整租·烟雨颐和江南府 1室0厅 南,整租,烟雨颐和江南府,余杭区-良渚-烟雨颐和江南府,35.00,1室0厅,南,,1250,35.7,,,https://hz.lianjia.com/zufang/HZ1869984105202974720.html,2026-05-03 23:24:10,30.384134,120.111837
liangzhu,整租·良渚文化村阳光天际 4室2厅 南,整租,良渚文化村阳光天际,余杭区-良渚-良渚文化村阳光天际,268.00,4室2厅,南,,15000,56.0,,,https://hz.lianjia.com/zufang/HZ1882017417069068288.html,2026-05-03 23:24:10,30.373496,120.030984
liangzhu,整租·烟雨颐和江南府 6室3厅 南,整租,烟雨颐和江南府,余杭区-良渚-烟雨颐和江南府,138.00,6室3厅,南,,8900,64.5,,,https://hz.lianjia.com/zufang/HZ1877225441916354560.html,2026-05-03 23:24:10,30.384134,120.111837
liangzhu,整租·荀庄 5室2厅 跃层 南,整租,荀庄,余杭区-良渚-荀庄,249.23,5室2厅,,,6500,26.1,,,https://hz.lianjia.com/zufang/HZ1873659487462621184.html,2026-05-03 23:24:10,30.38569,120.03411
liangzhu,整租·联发藏珑大境 4室2厅 东,整租,联发藏珑大境,余杭区-良渚-联发藏珑大境,149.76,4室2厅,东,,6000,40.1,,,https://hz.lianjia.com/zufang/HZ1885221715500335104.html,2026-05-03 23:24:10,30.365039,120.058319
liangzhu,整租·碧水澜天华庭 5室2厅 跃层 南,整租,碧水澜天华庭,余杭区-良渚-碧水澜天华庭,150.38,5室2厅,,,8500,56.5,,,https://hz.lianjia.com/zufang/HZ1904836345226854400.html,2026-05-03 23:24:10,30.384134,120.111837
liangzhu,整租·望城 5室2厅 南,整租,望城,余杭区-良渚-望城,292.76,5室2厅,南,,8800,30.1,,,https://hz.lianjia.com/zufang/HZ1907264374788063232.html,2026-05-03 23:24:10,30.384134,120.111837
liangzhu,整租·玉都枫景 4室2厅 南,整租,玉都枫景,余杭区-良渚-玉都枫景,130.00,4室2厅,南,,3000,23.1,,,https://hz.lianjia.com/zufang/HZ1913502070518841344.html,2026-05-03 23:24:10,30.371691,120.045203
liangzhu,整租·联发藏珑大境 3室2厅 跃层 南,整租,联发藏珑大境,余杭区-良渚-联发藏珑大境,139.00,3室2厅,,,3800,27.3,,,https://hz.lianjia.com/zufang/HZ1904718607506472960.html,2026-05-03 23:24:10,30.365039,120.058319
liangzhu,合租·周家里 5居室 西北卧,合租,周家里 5居室 西北卧,余杭区-良渚-周家里,40.00,,,,1500,37.5,,,https://hz.lianjia.com/zufang/HZ1909809731434708992.html,2026-05-03 23:24:10,30.37437,120.04619
liangzhu,整租·三盛颐景御园 5室2厅 跃层 南,整租,三盛颐景御园,余杭区-良渚-三盛颐景御园,184.00,5室2厅,,,5400,29.3,,,https://hz.lianjia.com/zufang/HZ1915653960186724352.html,2026-05-03 23:24:10,30.40742,120.00923
liangzhu,整租·上亿SOHO 1室1厅 南,整租,上亿SOHO,余杭区-良渚-上亿,50.00,1室1厅,南,,1700,34.0,,,https://hz.lianjia.com/zufang/HZ2152744546667069440.html,2026-05-03 23:24:10,30.384134,120.111837
liangzhu,整租·白洋港城二期 2室1厅 南,整租,白洋港城二期,余杭区-良渚-白洋港城二期,65.00,2室1厅,南,,2800,43.1,,,https://hz.lianjia.com/zufang/HZ2153053268526235648.html,2026-05-03 23:24:10,30.350051,120.077238
liangzhu,整租·良渚文化村七贤郡 3室2厅 南/西/北,整租,良渚文化村七贤郡,余杭区-良渚-良渚文化村七贤郡,87.00,3室2厅,南/西/北,,3500,40.2,,,https://hz.lianjia.com/zufang/HZ2152971032149884928.html,2026-05-03 23:24:10,30.349967,120.001941
liangzhu,合租·奥克斯缔逸城 3居室 南卧,合租,奥克斯缔逸城 3居室 南卧,余杭区-良渚-奥克斯缔逸城,9.00,,,,1400,155.6,,,https://hz.lianjia.com/zufang/HZ2153056217772064768.html,2026-05-03 23:24:10,30.424074,120.046175
liangzhu,整租·奥克斯缔逸城 2室1厅 南,整租,奥克斯缔逸城,余杭区-良渚-奥克斯缔逸城,75.00,2室1厅,南,,3500,46.7,,,https://hz.lianjia.com/zufang/HZ2153103999736217600.html,2026-05-03 23:24:15,30.424074,120.046175
liangzhu,整租·良渚文化村竹径茶语 6室3厅 跃层 南,整租,良渚文化村竹径茶语,余杭区-良渚-良渚文化村竹径茶语,322.20,6室3厅,,,36000,111.7,,,https://hz.lianjia.com/zufang/HZ2153029830042451968.html,2026-05-03 23:24:15,30.374721,120.014867
liangzhu,整租·万科未来之光 1室1厅 东,整租,万科未来之光,余杭区-良渚-万科未来之光,35.00,1室1厅,东,,2500,71.4,,,https://hz.lianjia.com/zufang/HZ2153148891128659968.html,2026-05-03 23:24:15,30.36968,120.02285
liangzhu,整租·万科未来之光 1室1厅 南,整租,万科未来之光,余杭区-良渚-万科未来之光,26.00,1室1厅,南,,2000,76.9,,,https://hz.lianjia.com/zufang/HZ2153100481189117952.html,2026-05-03 23:24:15,30.36968,120.02285
liangzhu,整租·星图光年轩 3室2厅 南,整租,星图光年轩,余杭区-良渚-星图光年轩,105.00,3室2厅,南,,5000,47.6,,,https://hz.lianjia.com/zufang/HZ2153363067235205120.html,2026-05-03 23:24:15,30.384134,120.111837
liangzhu,整租·溪谷岚湾 3室2厅 南,整租,溪谷岚湾,余杭区-良渚-溪谷岚湾,130.00,3室2厅,南,,7500,57.7,,,https://hz.lianjia.com/zufang/HZ2153399209984786432.html,2026-05-03 23:24:15,30.399463,120.008413
liangzhu,整租·郡西云台 3室3厅 南,整租,郡西云台,余杭区-良渚-郡西云台,298.70,3室3厅,南,,25000,83.7,,,https://hz.lianjia.com/zufang/HZ2153431125207285760.html,2026-05-03 23:24:15,30.384134,120.111837
liangzhu,整租·良渚文化村探梅里A 3室2厅 南,整租,良渚文化村探梅里A,余杭区-良渚-良渚文化村探梅里,168.00,3室2厅,南,,8000,47.6,,,https://hz.lianjia.com/zufang/HZ2153371830960783360.html,2026-05-03 23:24:15,30.359774,120.017637
liangzhu,整租·良渚文化村白鹭郡南 3室2厅 跃层 南,整租,良渚文化村白鹭郡南,余杭区-良渚-良渚文化村白鹭郡南,78.00,3室2厅,,,4200,53.8,,,https://hz.lianjia.com/zufang/HZ2153422806191177728.html,2026-05-03 23:24:15,30.360819,120.020315
liangzhu,整租·溪谷岚湾 4室2厅 南,整租,溪谷岚湾,余杭区-良渚-溪谷岚湾,136.00,4室2厅,南,,5000,36.8,,,https://hz.lianjia.com/zufang/HZ2153461142486253568.html,2026-05-03 23:24:15,30.399463,120.008413
liangzhu,整租·良渚文化村七贤郡 3室2厅 南,整租,良渚文化村七贤郡,余杭区-良渚-良渚文化村七贤郡,87.00,3室2厅,南,,3300,37.9,,,https://hz.lianjia.com/zufang/HZ2154801677004177408.html,2026-05-03 23:24:15,30.349967,120.001941
liangzhu,整租·溪谷岚湾 3室2厅 南,整租,溪谷岚湾,余杭区-良渚-溪谷岚湾,97.00,3室2厅,南,,3800,39.2,,,https://hz.lianjia.com/zufang/HZ2154852355307208704.html,2026-05-03 23:24:15,30.399463,120.008413
liangzhu,整租·昆华玉府 3室2厅 南,整租,昆华玉府,余杭区-良渚-昆华玉府,89.00,3室2厅,南,,3500,39.3,,,https://hz.lianjia.com/zufang/HZ2156795182215856128.html,2026-05-03 23:24:24,30.384134,120.111837
liangzhu,合租·万科未来之光 2居室 东卧,合租,万科未来之光 2居室 东卧,余杭区-良渚-万科未来之光,36.00,,,,1900,52.8,,,https://hz.lianjia.com/zufang/HZ2156990937891340288.html,2026-05-03 23:24:24,30.36968,120.02285
liangzhu,整租·万科未来城三期梦溪里 3室2厅 西南,整租,万科未来城三期梦溪里,余杭区-良渚-万科未来城三期梦溪里,89.00,3室2厅,西南,,4300,48.3,,,https://hz.lianjia.com/zufang/HZ2157040579228205056.html,2026-05-03 23:24:24,30.367897,120.049552
liangzhu,整租·上实白洋港城一期 3室2厅 南,整租,上实白洋港城一期,余杭区-良渚-上实白洋港城一期,89.00,3室2厅,南,,4300,48.3,,,https://hz.lianjia.com/zufang/HZ2157042065404329984.html,2026-05-03 23:24:24,30.351287,120.074562
liangzhu,整租·奥克斯缔逸城 1室1厅 南/北,整租,奥克斯缔逸城,余杭区-良渚-奥克斯缔逸城,50.00,1室1厅,南/北,,2300,46.0,,,https://hz.lianjia.com/zufang/HZ2159195070094376960.html,2026-05-03 23:24:28,30.424074,120.046175
liangzhu,整租·良渚文化村春漫里 1室1厅 北,整租,良渚文化村春漫里,余杭区-良渚-良渚文化村春漫里,60.00,1室1厅,北,,2600,43.3,,,https://hz.lianjia.com/zufang/HZ2159221427398508544.html,2026-05-03 23:24:28,30.36082,120.0175
liangzhu,整租·万科未来城三期梦溪里 3室2厅 南,整租,万科未来城三期梦溪里,余杭区-良渚-万科未来城三期梦溪里,87.60,3室2厅,南,,4200,47.9,,,https://hz.lianjia.com/zufang/HZ2159204287853363200.html,2026-05-03 23:24:28,30.367897,120.049552
liangzhu,整租·未来城一期 3室1厅 南,整租,未来城一期,余杭区-良渚-未来城一期,85.00,3室1厅,南,,3800,44.7,,,https://hz.lianjia.com/zufang/HZ2159243607540760576.html,2026-05-03 23:24:28,30.36483,120.04944
liangzhu,合租·万科未来之光 2居室 南卧,合租,万科未来之光 2居室 南卧,余杭区-良渚-万科未来之光,35.00,,,,1600,45.7,,,https://hz.lianjia.com/zufang/HZ2160017262927413248.html,2026-05-03 23:24:28,30.36968,120.02285
liangzhu,整租·万科未来城二期 3室2厅 南,整租,万科未来城二期,余杭区-良渚-万科未来城二期,89.00,3室2厅,南,,4300,48.3,,,https://hz.lianjia.com/zufang/HZ2160578886641909760.html,2026-05-03 23:24:28,30.362888,120.045623
liangzhu,整租·良渚文化村七贤郡 3室1厅 南,整租,良渚文化村七贤郡,余杭区-良渚-良渚文化村七贤郡,89.00,3室1厅,南,,3500,39.3,,,https://hz.lianjia.com/zufang/HZ2160597446256754688.html,2026-05-03 23:24:28,30.349967,120.001941
liangzhu,整租·绿城玉海棠里 3室2厅 南,整租,绿城玉海棠里,余杭区-良渚-绿城玉海棠里,103.00,3室2厅,南,,5500,53.4,,,https://hz.lianjia.com/zufang/HZ2160382168759533568.html,2026-05-03 23:24:28,30.380909,120.016673
liangzhu,整租·书韵名邸 1室1厅 南/北,整租,书韵名邸,余杭区-良渚-书韵名邸,27.00,1室1厅,南/北,,1800,66.7,,,https://hz.lianjia.com/zufang/HZ2160637298717229056.html,2026-05-03 23:24:28,30.383002,120.045128
liangzhu,整租·良渚文化村七贤郡 3室2厅 南,整租,良渚文化村七贤郡,余杭区-良渚-良渚文化村七贤郡,87.00,3室2厅,南,,3400,39.1,,,https://hz.lianjia.com/zufang/HZ2160665587078922240.html,2026-05-03 23:24:28,30.349967,120.001941
liangzhu,整租·周家里 3室1厅 南,整租,周家里,余杭区-良渚-周家里,150.00,3室1厅,南,,4000,26.7,,,https://hz.lianjia.com/zufang/HZ2160611851782586368.html,2026-05-03 23:24:28,30.37437,120.04619
liangzhu,合租·勾庄佳苑 6居室 南/北卧,合租,勾庄佳苑 6居室 南/北卧,余杭区-良渚-勾庄佳苑,30.00,,,,2300,76.7,,,https://hz.lianjia.com/zufang/HZ2160620414995267584.html,2026-05-03 23:24:28,30.35691,120.08174
liangzhu,整租·勾庄佳苑 1室0厅 南,整租,勾庄佳苑,余杭区-良渚-勾庄佳苑,30.00,1室0厅,南,,1700,56.7,,,https://hz.lianjia.com/zufang/HZ2160665581571801088.html,2026-05-03 23:24:28,30.35691,120.08174
liangzhu,整租·昆华玉府 3室2厅 南,整租,昆华玉府,余杭区-良渚-昆华玉府,89.00,3室2厅,南,,3000,33.7,,,https://hz.lianjia.com/zufang/HZ2160988519198097408.html,2026-05-03 23:24:28,30.384134,120.111837
liangzhu,整租·万科未来城二期 3室2厅 南,整租,万科未来城二期,余杭区-良渚-万科未来城二期,85.27,3室2厅,南,,3700,43.4,,,https://hz.lianjia.com/zufang/HZ2161737557077917696.html,2026-05-03 23:24:36,30.362888,120.045623
liangzhu,整租·九衡公寓 4室2厅 南/北,整租,九衡公寓,余杭区-良渚-九衡公寓,120.00,4室2厅,南/北,,3600,30.0,,,https://hz.lianjia.com/zufang/HZ2152663942659309568.html,2026-05-03 23:24:36,30.384134,120.111837
liangzhu,整租·郡西云台 4室2厅 南,整租,郡西云台,余杭区-良渚-郡西云台,193.27,4室2厅,南,,19999,103.5,,,https://hz.lianjia.com/zufang/HZ2157673692820144128.html,2026-05-03 23:24:36,30.384134,120.111837
liangzhu,整租·昆华玉府 3室2厅 南,整租,昆华玉府,余杭区-良渚-昆华玉府,89.00,3室2厅,南,,2800,31.5,,,https://hz.lianjia.com/zufang/HZ2072513775981821952.html,2026-05-03 23:25:09,30.384134,120.111837
liangzhu,整租·万科未来之光 1室1厅 南,整租,万科未来之光,余杭区-良渚-万科未来之光,35.00,1室1厅,南,,2800,80.0,,,https://hz.lianjia.com/zufang/HZ2149739711843794944.html,2026-05-03 23:24:36,30.36968,120.02285
liangzhu,整租·良渚文化村白鹭郡北 4室3厅 跃层 南/北,整租,良渚文化村白鹭郡北,余杭区-良渚-良渚文化村白鹭郡北,218.00,4室3厅,,,7900,36.2,,,https://hz.lianjia.com/zufang/HZ2102335534759149568.html,2026-05-03 23:24:36,30.36552,120.019401
liangzhu,整租·溪谷岚湾 3室2厅 南/北,整租,溪谷岚湾,余杭区-良渚-溪谷岚湾,97.00,3室2厅,南/北,,3500,36.1,,,https://hz.lianjia.com/zufang/HZ2109955531295686656.html,2026-05-03 23:24:36,30.399463,120.008413
liangzhu,整租·竹径云山二期 4室2厅 跃层 南/北,整租,竹径云山二期,余杭区-良渚-竹径云山二期,120.00,4室2厅,,,7500,62.5,,,https://hz.lianjia.com/zufang/HZ2139628351990530048.html,2026-05-03 23:24:36,30.352193,119.999422
liangzhu,整租·书韵名邸 1室1厅 南,整租,书韵名邸,余杭区-良渚-书韵名邸,26.00,1室1厅,南,,1500,57.7,,,https://hz.lianjia.com/zufang/HZ2116162397734436864.html,2026-05-03 23:24:36,30.383002,120.045128
liangzhu,整租·万科未来之光 1室1厅 西,整租,万科未来之光,余杭区-良渚-万科未来之光,25.07,1室1厅,西,,1800,71.8,,,https://hz.lianjia.com/zufang/HZ2154789745903796224.html,2026-05-03 23:24:36,30.36968,120.02285
liangzhu,整租·玉都枫景 2室1厅 南,整租,玉都枫景,余杭区-良渚-玉都枫景,60.00,2室1厅,南,,2000,33.3,,,https://hz.lianjia.com/zufang/HZ2157379677000302592.html,2026-05-03 23:25:09,30.371691,120.045203
liangzhu,整租·良渚文化村柳映坊二期 4室2厅 南,整租,良渚文化村柳映坊二期,余杭区-良渚-良渚文化村柳映坊二期,177.00,4室2厅,南,,7500,42.4,,,https://hz.lianjia.com/zufang/HZ2140718913023901696.html,2026-05-03 23:25:09,30.359882,120.024048
liangzhu,整租·天阳棕榈湾一期 3室2厅 南,整租,天阳棕榈湾一期,余杭区-良渚-天阳棕榈湾一期,138.00,3室2厅,南,,3000,21.7,,,https://hz.lianjia.com/zufang/HZ2160244881186881536.html,2026-05-03 23:24:36,30.360754,120.076483
liangzhu,整租·缦云坊 3室2厅 南,整租,缦云坊,余杭区-良渚-缦云坊,89.00,3室2厅,南,,3400,38.2,,,https://hz.lianjia.com/zufang/HZ2080878184051507200.html,2026-05-03 23:25:09,30.384134,120.111837
liangzhu,整租·碧水澜天华庭 4室2厅 南,整租,碧水澜天华庭,余杭区-良渚-碧水澜天华庭,133.00,4室2厅,南,,3400,25.6,,,https://hz.lianjia.com/zufang/HZ1816750316800966656.html,2026-05-03 23:25:36,30.384134,120.111837
liangzhu,整租·良渚文化村竹径茶语 4室2厅 南,整租,良渚文化村竹径茶语,余杭区-良渚-良渚文化村竹径茶语,186.93,4室2厅,南,,5000,26.7,,,https://hz.lianjia.com/zufang/HZ2152986180696670208.html,2026-05-03 23:25:36,30.374721,120.014867
liangzhu,整租·北秀蓝湾花苑 3室2厅 南/北,整租,北秀蓝湾花苑,余杭区-良渚-北秀蓝湾花苑,124.00,3室2厅,南/北,,2700,21.8,,,https://hz.lianjia.com/zufang/HZ2161337887059083264.html,2026-05-03 23:24:36,30.361994,120.113414
liangzhu,整租·周家里 2室1厅 南,整租,周家里,余杭区-良渚-周家里,70.00,2室1厅,南,,2000,28.6,,,https://hz.lianjia.com/zufang/HZ2086696413164470272.html,2026-05-03 23:25:36,30.37437,120.04619
liangzhu,整租·良渚文化村白鹭郡南 2室2厅 南/北,整租,良渚文化村白鹭郡南,余杭区-良渚-良渚文化村白鹭郡南,88.55,2室2厅,南/北,,3300,37.3,,,https://hz.lianjia.com/zufang/HZ2097164634602602496.html,2026-05-03 23:24:36,30.360819,120.020315
liangzhu,整租·良渚文化村白鹭郡东 2室2厅 南/西,整租,良渚文化村白鹭郡东,余杭区-良渚-良渚文化村白鹭郡东,103.00,2室2厅,南/西,,5000,48.5,,,https://hz.lianjia.com/zufang/HZ2158821491947339776.html,2026-05-03 23:25:27,30.365944,120.02439
liangzhu,整租·万科郡西澜山 4室2厅 跃层 南,整租,万科郡西澜山,余杭区-良渚-万科郡西澜山,173.92,4室2厅,,,9100,52.3,,,https://hz.lianjia.com/zufang/HZ2160656173374636032.html,2026-05-03 23:25:27,30.36968,120.02285
liangzhu,整租·绿城熙海棠 4室2厅 西,整租,绿城熙海棠,西湖区-良渚-绿城熙海棠,138.00,4室2厅,西,,7800,56.5,,,https://hz.lianjia.com/zufang/HZ2116468015435350016.html,2026-05-03 23:25:27,30.221,120.12144
liangzhu,整租·联发亚澜湾 4室2厅 南/北,整租,联发亚澜湾,余杭区-良渚-联发亚澜湾,140.00,4室2厅,南/北,,4300,30.7,,,https://hz.lianjia.com/zufang/HZ1925126743635525632.html,2026-05-03 23:24:36,30.365039,120.058319
liangzhu,整租·香格里拉蓝月春晓 3室2厅 南,整租,香格里拉蓝月春晓,余杭区-良渚-香格里拉蓝月春晓,93.00,3室2厅,南,,3700,39.8,,,https://hz.lianjia.com/zufang/HZ2147226216589950976.html,2026-05-03 23:24:36,30.348427,119.991626
liangzhu,整租·星图光年轩 4室2厅 南,整租,星图光年轩,余杭区-良渚-星图光年轩,139.00,4室2厅,南,,6200,44.6,,,https://hz.lianjia.com/zufang/HZ2141230174350344192.html,2026-05-03 23:25:09,30.384134,120.111837
liangzhu,整租·香格里拉蓝月春晓 3室2厅 南,整租,香格里拉蓝月春晓,余杭区-良渚-香格里拉蓝月春晓,129.00,3室2厅,南,,5000,38.8,,,https://hz.lianjia.com/zufang/HZ2153330187339563008.html,2026-05-03 23:25:27,30.348427,119.991626
liangzhu,整租·和昌府 3室2厅 南,整租,和昌府,余杭区-良渚-和昌府,86.00,3室2厅,南,,3600,41.9,,,https://hz.lianjia.com/zufang/HZ2153067494024151040.html,2026-05-03 23:24:36,30.384134,120.111837
liangzhu,整租·玉都佳苑 3室2厅 南,整租,玉都佳苑,余杭区-良渚-玉都佳苑,115.00,3室2厅,南,,2400,20.9,,,https://hz.lianjia.com/zufang/HZ2156248546997698560.html,2026-05-03 23:24:36,30.385048,120.050034
liangzhu,整租·周家里 2室1厅 南,整租,周家里,余杭区-良渚-周家里,70.00,2室1厅,南,,2000,28.6,,,https://hz.lianjia.com/zufang/HZ2140345663903236096.html,2026-05-03 23:25:09,30.37437,120.04619
liangzhu,整租·书韵名邸 1室1厅 东南,整租,书韵名邸,余杭区-良渚-书韵名邸,27.00,1室1厅,东南,,1600,59.3,,,https://hz.lianjia.com/zufang/HZ2112419121386749952.html,2026-05-03 23:25:09,30.383002,120.045128
liangzhu,整租·良渚文化村白鹭郡北 4室2厅 南,整租,良渚文化村白鹭郡北,余杭区-良渚-良渚文化村白鹭郡北,218.00,4室2厅,南,,6600,30.3,,,https://hz.lianjia.com/zufang/HZ2122320716694028288.html,2026-05-03 23:26:02,30.36552,120.019401
liangzhu,整租·绿城熙海棠 4室2厅 南,整租,绿城熙海棠,西湖区-良渚-绿城熙海棠,138.00,4室2厅,南,,7500,54.3,,,https://hz.lianjia.com/zufang/HZ2117162646997303296.html,2026-05-03 23:26:02,30.221,120.12144
liangzhu,整租·良港路 3室2厅 南,整租,良港路,余杭区-良渚-良港路,75.73,3室2厅,南,,2800,37.0,,,https://hz.lianjia.com/zufang/HZ1932272152468258816.html,2026-05-03 23:26:02,30.37962,120.04825
liangzhu,整租·万科未来城二期 4室2厅 南,整租,万科未来城二期,余杭区-良渚-万科未来城二期,136.00,4室2厅,南,,10000,73.5,,,https://hz.lianjia.com/zufang/HZ2129476213490581504.html,2026-05-03 23:26:02,30.362888,120.045623
liangzhu,整租·萃栖云庐 4室2厅 南,整租,萃栖云庐,余杭区-良渚-萃栖云庐,138.57,4室2厅,南,,8500,61.3,,,https://hz.lianjia.com/zufang/HZ2121947294067589120.html,2026-05-03 23:26:02,30.384134,120.111837
liangzhu,整租·朗诗美丽洲 4室2厅 跃层 南,整租,朗诗美丽洲,余杭区-良渚-朗诗美丽洲,256.00,4室2厅,,,15000,58.6,,,https://hz.lianjia.com/zufang/HZ1924391301214633984.html,2026-05-03 23:26:02,30.384134,120.111837
liangzhu,整租·香格里拉蓝月春晓 3室2厅 南/北,整租,香格里拉蓝月春晓,余杭区-良渚-香格里拉蓝月春晓,93.00,3室2厅,南/北,,3600,38.7,,,https://hz.lianjia.com/zufang/HZ2154875570586910720.html,2026-05-03 23:26:02,30.348427,119.991626
liangzhu,整租·良渚文化村白鹭郡南 2室2厅 南,整租,良渚文化村白鹭郡南,余杭区-良渚-良渚文化村白鹭郡南,88.00,2室2厅,南,,3200,36.4,,,https://hz.lianjia.com/zufang/HZ2130891461946769408.html,2026-05-03 23:26:02,30.360819,120.020315
liangzhu,整租·碧水澜天华庭 4室1厅 南,整租,碧水澜天华庭,余杭区-良渚-碧水澜天华庭,108.90,4室1厅,南,,3600,33.1,,,https://hz.lianjia.com/zufang/HZ2156227161705414656.html,2026-05-03 23:25:48,30.384134,120.111837
liangzhu,整租·万科未来城二期 4室2厅 南/西,整租,万科未来城二期,余杭区-良渚-万科未来城二期,118.00,4室2厅,南/西,,5300,44.9,,,https://hz.lianjia.com/zufang/HZ2137994583353589760.html,2026-05-03 23:25:48,30.362888,120.045623
liangzhu,整租·周家里 2室1厅 南,整租,周家里,余杭区-良渚-周家里,70.00,2室1厅,南,,2300,32.9,,,https://hz.lianjia.com/zufang/HZ2153453250563538944.html,2026-05-03 23:25:48,30.37437,120.04619
liangzhu,整租·万科郡西澜山 4室2厅 南,整租,万科郡西澜山,余杭区-良渚-万科郡西澜山,139.00,4室2厅,南,,6500,46.8,,,https://hz.lianjia.com/zufang/HZ2144721846027681792.html,2026-05-03 23:25:48,30.36968,120.02285
liangzhu,整租·周家里 2室1厅 东,整租,周家里,余杭区-良渚-周家里,70.00,2室1厅,东,,2400,34.3,,,https://hz.lianjia.com/zufang/HZ2141759959799431168.html,2026-05-03 23:25:48,30.37437,120.04619
liangzhu,整租·和光尘樾轩 4室2厅 南,整租,和光尘樾轩,余杭区-良渚-和光尘樾轩,144.85,4室2厅,南,,8000,55.2,,,https://hz.lianjia.com/zufang/HZ2158071316811350016.html,2026-05-03 23:25:48,30.384134,120.111837
liangzhu,整租·良渚文化村柳映坊二期 4室2厅 南,整租,良渚文化村柳映坊二期,余杭区-良渚-良渚文化村柳映坊二期,177.00,4室2厅,南,,7100,40.1,,,https://hz.lianjia.com/zufang/HZ2160355604151926784.html,2026-05-03 23:25:48,30.359882,120.024048
liangzhu,整租·良渚文化村白鹭郡南 3室2厅 南,整租,良渚文化村白鹭郡南,余杭区-良渚-良渚文化村白鹭郡南,88.00,3室2厅,南,,8000,90.9,,,https://hz.lianjia.com/zufang/HZ2151255098456539136.html,2026-05-03 23:25:48,30.360819,120.020315
liangzhu,整租·和光尘樾轩 3室2厅 南,整租,和光尘樾轩,余杭区-良渚-和光尘樾轩,93.00,3室2厅,南,,4400,47.3,,,https://hz.lianjia.com/zufang/HZ2160299959453220864.html,2026-05-03 23:25:48,30.384134,120.111837
liangzhu,整租·天阳棕榈湾一期 3室2厅 南,整租,天阳棕榈湾一期,余杭区-良渚-天阳棕榈湾一期,113.00,3室2厅,南,,2950,26.1,,,https://hz.lianjia.com/zufang/HZ2098348516207230976.html,2026-05-03 23:25:48,30.360754,120.076483
liangzhu,整租·香格里拉蓝月春晓 3室2厅 南,整租,香格里拉蓝月春晓,余杭区-良渚-香格里拉蓝月春晓,129.00,3室2厅,南,,7500,58.1,,,https://hz.lianjia.com/zufang/HZ2152372423670890496.html,2026-05-03 23:24:42,30.348427,119.991626
liangzhu,整租·香格里拉蓝月春晓 3室2厅 南,整租,香格里拉蓝月春晓,余杭区-良渚-香格里拉蓝月春晓,93.00,3室2厅,南,,4300,46.2,,,https://hz.lianjia.com/zufang/HZ2085923168253378560.html,2026-05-03 23:24:42,30.348427,119.991626
liangzhu,整租·和光尘樾轩 3室0厅 北,整租,和光尘樾轩,余杭区-良渚-和光尘樾轩,40.00,3室0厅,北,,3500,87.5,,,https://hz.lianjia.com/zufang/HZ2006953212279521280.html,2026-05-03 23:24:42,30.384134,120.111837
liangzhu,整租·溪谷岚湾 3室2厅 南,整租,溪谷岚湾,余杭区-良渚-溪谷岚湾,89.00,3室2厅,南,,3800,42.7,,,https://hz.lianjia.com/zufang/HZ2155861691621965824.html,2026-05-03 23:25:36,30.399463,120.008413
liangzhu,整租·棕榈湾二期 3室2厅 南,整租,棕榈湾二期,余杭区-良渚-棕榈湾二期,123.00,3室2厅,南,,3600,29.3,,,https://hz.lianjia.com/zufang/HZ2155250440088846336.html,2026-05-03 23:25:36,30.363937,120.083636
liangzhu,整租·万科未来城二期 4室2厅 南,整租,万科未来城二期,余杭区-良渚-万科未来城二期,139.00,4室2厅,南,,9200,66.2,,,https://hz.lianjia.com/zufang/HZ1991377049817710592.html,2026-05-03 23:24:42,30.362888,120.045623
liangzhu,整租·中粮康良祥云府 4室2厅 南,整租,中粮康良祥云府,余杭区-良渚-中粮康良祥云府,144.00,4室2厅,南,,5300,36.8,,,https://hz.lianjia.com/zufang/HZ2143248970699243520.html,2026-05-03 23:24:42,30.38136,120.04276
liangzhu,整租·建发云熙 4室2厅 南,整租,建发云熙,余杭区-良渚-建发云熙,122.00,4室2厅,南,,7500,61.5,,,https://hz.lianjia.com/zufang/HZ2100945638295339008.html,2026-05-03 23:24:42,30.384134,120.111837
liangzhu,整租·周家里 2室1厅 南,整租,周家里,余杭区-良渚-周家里,70.00,2室1厅,南,,2200,31.4,,,https://hz.lianjia.com/zufang/HZ2145363677660839936.html,2026-05-03 23:24:42,30.37437,120.04619
liangzhu,整租·玉都枫景 3室2厅 南,整租,玉都枫景,余杭区-良渚-玉都枫景,88.00,3室2厅,南,,3061,34.8,,,https://hz.lianjia.com/zufang/HZ2159945553335549952.html,2026-05-03 23:24:42,30.371691,120.045203
liangzhu,整租·良渚文化村七贤郡 3室2厅 南,整租,良渚文化村七贤郡,余杭区-良渚-良渚文化村七贤郡,87.00,3室2厅,南,,3500,40.2,,,https://hz.lianjia.com/zufang/HZ2153142886181371904.html,2026-05-03 23:24:42,30.349967,120.001941
liangzhu,整租·碧水澜天华庭 4室2厅 南,整租,碧水澜天华庭,余杭区-良渚-碧水澜天华庭,132.00,4室2厅,南,,4700,35.6,,,https://hz.lianjia.com/zufang/HZ1974757593985318912.html,2026-05-03 23:24:42,30.384134,120.111837
liangzhu,整租·良渚文化村白鹭郡东 3室2厅 南/北,整租,良渚文化村白鹭郡东,余杭区-良渚-良渚文化村白鹭郡东,127.00,3室2厅,南/北,,4500,35.4,,,https://hz.lianjia.com/zufang/HZ2142554835826769920.html,2026-05-03 23:25:09,30.365944,120.02439
liangzhu,整租·星图光年轩 4室2厅 南,整租,星图光年轩,余杭区-良渚-星图光年轩,129.00,4室2厅,南,,7000,54.3,,,https://hz.lianjia.com/zufang/HZ2156953045420736512.html,2026-05-03 23:25:09,30.384134,120.111837
liangzhu,整租·上亿SOHO 2室1厅 北,整租,上亿SOHO,余杭区-良渚-上亿,50.00,2室1厅,北,,2100,42.0,,,https://hz.lianjia.com/zufang/HZ2102676333434765312.html,2026-05-03 23:25:09,30.384134,120.111837
liangzhu,整租·香格里拉蓝月春晓 3室2厅 南/北,整租,香格里拉蓝月春晓,余杭区-良渚-香格里拉蓝月春晓,129.00,3室2厅,南/北,,5800,45.0,,,https://hz.lianjia.com/zufang/HZ2150970539898830848.html,2026-05-03 23:25:09,30.348427,119.991626
liangzhu,整租·书韵名邸 1室1厅 西南,整租,书韵名邸,余杭区-良渚-书韵名邸,26.66,1室1厅,西南,,1700,63.8,,,https://hz.lianjia.com/zufang/HZ2151889398709354496.html,2026-05-03 23:25:09,30.383002,120.045128
liangzhu,整租·未来城一期 3室2厅 南,整租,未来城一期,余杭区-良渚-未来城一期,89.00,3室2厅,南,,3800,42.7,,,https://hz.lianjia.com/zufang/HZ2152454450495619072.html,2026-05-03 23:25:09,30.36483,120.04944
liangzhu,整租·万科未来城三期梦溪里 4室2厅 跃层 南,整租,万科未来城三期梦溪里,余杭区-良渚-万科未来城三期梦溪里,138.00,4室2厅,,,8300,60.1,,,https://hz.lianjia.com/zufang/HZ2121576455170162688.html,2026-05-03 23:25:09,30.367897,120.049552
liangzhu,整租·上亿SOHO 1室1厅 南,整租,上亿SOHO,余杭区-良渚-上亿,43.00,1室1厅,南,,2200,51.2,,,https://hz.lianjia.com/zufang/HZ2152244514838806528.html,2026-05-03 23:25:09,30.384134,120.111837
liangzhu,整租·碧水澜天华庭 3室1厅 南,整租,碧水澜天华庭,余杭区-良渚-碧水澜天华庭,83.00,3室1厅,南,,2500,30.1,,,https://hz.lianjia.com/zufang/HZ2080877231982247936.html,2026-05-03 23:25:27,30.384134,120.111837
liangzhu,整租·竹径云山二期 4室2厅 跃层 南,整租,竹径云山二期,余杭区-良渚-竹径云山二期,122.00,4室2厅,,,6500,53.3,,,https://hz.lianjia.com/zufang/HZ2087200864530857984.html,2026-05-03 23:25:09,30.352193,119.999422
liangzhu,整租·溪谷岚湾 4室1厅 南,整租,溪谷岚湾,余杭区-良渚-溪谷岚湾,125.00,4室1厅,南,,4500,36.0,,,https://hz.lianjia.com/zufang/HZ2157046046427971584.html,2026-05-03 23:25:09,30.399463,120.008413
liangzhu,整租·和光尘樾轩 3室2厅 南,整租,和光尘樾轩,余杭区-良渚-和光尘樾轩,92.00,3室2厅,南,,4000,43.5,,,https://hz.lianjia.com/zufang/HZ2074450426903658496.html,2026-05-03 23:25:09,30.384134,120.111837
liangzhu,整租·万科未来城三期梦溪里 4室2厅 跃层 南,整租,万科未来城三期梦溪里,余杭区-良渚-万科未来城三期梦溪里,137.00,4室2厅,,,8600,62.8,,,https://hz.lianjia.com/zufang/HZ2150209397660319744.html,2026-05-03 23:25:09,30.367897,120.049552
liangzhu,整租·亿丰蔚蓝郡 3室2厅 南,整租,亿丰蔚蓝郡,余杭区-良渚-亿丰蔚蓝郡,87.16,3室2厅,南,,3700,42.5,,,https://hz.lianjia.com/zufang/HZ2151223425660616704.html,2026-05-03 23:25:09,30.365985,120.058893
liangzhu,整租·万科未来城二期 4室2厅 南,整租,万科未来城二期,余杭区-良渚-万科未来城二期,137.00,4室2厅,南,,7700,56.2,,,https://hz.lianjia.com/zufang/HZ2070718001719541760.html,2026-05-03 23:25:09,30.362888,120.045623
liangzhu,整租·建发云熙 4室2厅 南,整租,建发云熙,余杭区-良渚-建发云熙,133.00,4室2厅,南,,7200,54.1,,,https://hz.lianjia.com/zufang/HZ2145040820468711424.html,2026-05-03 23:25:09,30.384134,120.111837
liangzhu,整租·北秀蓝湾花苑 3室2厅 南,整租,北秀蓝湾花苑,余杭区-良渚-北秀蓝湾花苑,127.00,3室2厅,南,,3500,27.6,,,https://hz.lianjia.com/zufang/HZ2142136550232686592.html,2026-05-03 23:25:09,30.361994,120.113414
liangzhu,整租·万科郡西澜山 3室2厅 跃层 南,整租,万科郡西澜山,余杭区-良渚-万科郡西澜山,123.00,3室2厅,,,7500,61.0,,,https://hz.lianjia.com/zufang/HZ2071918411453038592.html,2026-05-03 23:25:09,30.36968,120.02285
liangzhu,整租·碧水澜天华庭 3室2厅 南,整租,碧水澜天华庭,余杭区-良渚-碧水澜天华庭,84.00,3室2厅,南,,3300,39.3,,,https://hz.lianjia.com/zufang/HZ1955925260746358784.html,2026-05-03 23:25:09,30.384134,120.111837
liangzhu,整租·香格里拉蓝月春晓 3室2厅 南,整租,香格里拉蓝月春晓,余杭区-良渚-香格里拉蓝月春晓,93.00,3室2厅,南,,3600,38.7,,,https://hz.lianjia.com/zufang/HZ2148325833981296640.html,2026-05-03 23:25:09,30.348427,119.991626
liangzhu,整租·联发亚澜湾 5室2厅 南,整租,联发亚澜湾,余杭区-良渚-联发亚澜湾,139.95,5室2厅,南,,15000,107.2,,,https://hz.lianjia.com/zufang/HZ2063578332259155968.html,2026-05-03 23:25:09,30.365039,120.058319
liangzhu,整租·上亿SOHO 1室1厅 南,整租,上亿SOHO,余杭区-良渚-上亿,45.00,1室1厅,南,,1825,40.6,,,https://hz.lianjia.com/zufang/HZ2145838360571150336.html,2026-05-03 23:25:09,30.384134,120.111837
liangzhu,整租·荀庄 5室3厅 跃层 南,整租,荀庄,余杭区-良渚-荀庄,370.00,5室3厅,,,10800,29.2,,,https://hz.lianjia.com/zufang/HZ1941695206621446144.html,2026-05-03 23:25:09,30.38569,120.03411
liangzhu,整租·亿丰蔚蓝郡 4室2厅 跃层 南,整租,亿丰蔚蓝郡,余杭区-良渚-亿丰蔚蓝郡,92.74,4室2厅,,,4500,48.5,,,https://hz.lianjia.com/zufang/HZ2155228970302308352.html,2026-05-03 23:26:02,30.365985,120.058893
liangzhu,整租·溪谷岚湾 3室2厅 南/北,整租,溪谷岚湾,余杭区-良渚-溪谷岚湾,88.93,3室2厅,南/北,,3500,39.4,,,https://hz.lianjia.com/zufang/HZ2157327344820289536.html,2026-05-03 23:26:02,30.399463,120.008413
liangzhu,整租·溪谷岚湾 3室2厅 跃层 南,整租,溪谷岚湾,余杭区-良渚-溪谷岚湾,134.00,3室2厅,,,11000,82.1,,,https://hz.lianjia.com/zufang/HZ2150823241684353024.html,2026-05-03 23:26:02,30.399463,120.008413
liangzhu,整租·杜甫新苑 4室2厅 南,整租,杜甫新苑,余杭区-良渚-杜甫新苑,160.00,4室2厅,南,,5000,31.2,,,https://hz.lianjia.com/zufang/HZ2156248146919817216.html,2026-05-03 23:25:48,30.35363,120.02397
liangzhu,整租·九衡公寓 4室2厅 跃层 南,整租,九衡公寓,余杭区-良渚-九衡公寓,121.78,4室2厅,,,4000,32.8,,,https://hz.lianjia.com/zufang/HZ2147154474370596864.html,2026-05-03 23:26:02,30.384134,120.111837
liangzhu,整租·碧水澜天华庭 3室2厅 南,整租,碧水澜天华庭,余杭区-良渚-碧水澜天华庭,84.00,3室2厅,南,,3800,45.2,,,https://hz.lianjia.com/zufang/HZ2095523641134415872.html,2026-05-03 23:25:48,30.384134,120.111837
liangzhu,整租·杜诗苑 2室2厅 南,整租,杜诗苑,余杭区-良渚-杜诗苑,80.00,2室2厅,南,,3600,45.0,,,https://hz.lianjia.com/zufang/HZ2152767714580496384.html,2026-05-03 23:25:48,30.409121,120.013841
liangzhu,整租·周家里 2室1厅 南,整租,周家里,余杭区-良渚-周家里,70.00,2室1厅,南,,2500,35.7,,,https://hz.lianjia.com/zufang/HZ2161824810563272704.html,2026-05-03 23:25:36,30.37437,120.04619
liangzhu,整租·望城 2室1厅 南,整租,望城,余杭区-良渚-望城,89.00,2室1厅,南,,3000,33.7,,,https://hz.lianjia.com/zufang/HZ2155239367021428736.html,2026-05-03 23:25:36,30.384134,120.111837
liangzhu,整租·和光尘樾轩 3室1厅 南/北,整租,和光尘樾轩,余杭区-良渚-和光尘樾轩,89.00,3室1厅,南/北,,4300,48.3,,,https://hz.lianjia.com/zufang/HZ2154865220776886272.html,2026-05-03 23:25:20,30.384134,120.111837
liangzhu,整租·郡西别墅 5室3厅 南,整租,郡西别墅,余杭区-良渚-郡西别墅,369.19,5室3厅,南,,60000,162.5,,,https://hz.lianjia.com/zufang/HZ2791182107350155264.html,2026-05-03 23:25:20,30.384134,120.111837
liangzhu,整租·联发藏珑大境 3室2厅 跃层 南,整租,联发藏珑大境,余杭区-良渚-联发藏珑大境,122.92,3室2厅,,,4000,32.5,,,https://hz.lianjia.com/zufang/HZ1595241429003665408.html,2026-05-03 23:25:20,30.365039,120.058319
liangzhu,整租·荀庄 6室2厅 跃层 南/北,整租,荀庄,余杭区-良渚-荀庄,250.00,6室2厅,,,14500,58.0,,,https://hz.lianjia.com/zufang/HZ2852235197636943872.html,2026-05-03 23:25:20,30.38569,120.03411
liangzhu,整租·三盛颐景御园 5室2厅 跃层 南,整租,三盛颐景御园,余杭区-良渚-三盛颐景御园,183.40,5室2厅,,,5300,28.9,,,https://hz.lianjia.com/zufang/HZ1672911067497365504.html,2026-05-03 23:25:20,30.40742,120.00923
liangzhu,整租·香格里拉别墅 4室2厅 南,整租,香格里拉别墅,余杭区-良渚-香格里拉别墅,123.00,4室2厅,南,,10000,81.3,,,https://hz.lianjia.com/zufang/HZ2821686145782382592.html,2026-05-03 23:25:20,30.351043,119.988733
liangzhu,整租·良渚文化村白鹭郡北 4室2厅 南,整租,良渚文化村白鹭郡北,余杭区-良渚-良渚文化村白鹭郡北,148.77,4室2厅,南,,3400,22.9,,,https://hz.lianjia.com/zufang/HZ2702032563903397888.html,2026-05-03 23:25:20,30.36552,120.019401
liangzhu,整租·中粮康良祥云府 4室2厅 跃层 南,整租,中粮康良祥云府,余杭区-良渚-中粮康良祥云府,166.00,4室2厅,,,8010,48.3,,,https://hz.lianjia.com/zufang/HZ2742605383506853888.html,2026-05-03 23:25:20,30.38136,120.04276
liangzhu,整租·联发藏珑大境 4室2厅 南,整租,联发藏珑大境,余杭区-良渚-联发藏珑大境,127.00,4室2厅,南,,2800,22.0,,,https://hz.lianjia.com/zufang/HZ1671723064938725376.html,2026-05-03 23:25:20,30.365039,120.058319
liangzhu,整租·荀庄 4室2厅 南,整租,荀庄,余杭区-良渚-荀庄,248.00,4室2厅,南,,8000,32.3,,,https://hz.lianjia.com/zufang/HZ1654723416655134720.html,2026-05-03 23:25:20,30.38569,120.03411
liangzhu,整租·和昌府 4室2厅 东/西,整租,和昌府,余杭区-良渚-和昌府,113.28,4室2厅,东/西,,3500,30.9,,,https://hz.lianjia.com/zufang/HZ1693532204623200256.html,2026-05-03 23:25:20,30.384134,120.111837
liangzhu,整租·和光尘樾轩 3室3厅 东南/南,整租,和光尘樾轩,余杭区-良渚-和光尘樾轩,98.00,3室3厅,东南/南,,6000,61.2,,,https://hz.lianjia.com/zufang/HZ1684521369863192576.html,2026-05-03 23:25:20,30.384134,120.111837
liangzhu,整租·奥克斯缔逸城 4室2厅 南,整租,奥克斯缔逸城,余杭区-良渚-奥克斯缔逸城,124.00,4室2厅,南,,4400,35.5,,,https://hz.lianjia.com/zufang/HZ2133887762162515968.html,2026-05-03 23:25:27,30.424074,120.046175
liangzhu,整租·香格里拉蓝月春晓 3室2厅 南/北,整租,香格里拉蓝月春晓,余杭区-良渚-香格里拉蓝月春晓,93.35,3室2厅,南/北,,3400,36.4,,,https://hz.lianjia.com/zufang/HZ2158128699738685440.html,2026-05-03 23:25:27,30.348427,119.991626
liangzhu,整租·书韵名邸 1室1厅 南,整租,书韵名邸,余杭区-良渚-书韵名邸,27.00,1室1厅,南,,1700,63.0,,,https://hz.lianjia.com/zufang/HZ2091453340230615040.html,2026-05-03 23:25:27,30.383002,120.045128
liangzhu,整租·万科郡西澜山 3室2厅 南,整租,万科郡西澜山,余杭区-良渚-万科郡西澜山,123.00,3室2厅,南,,5800,47.2,,,https://hz.lianjia.com/zufang/HZ2161136941859340288.html,2026-05-03 23:25:27,30.36968,120.02285
liangzhu,整租·星图光年轩 4室2厅 南,整租,星图光年轩,余杭区-良渚-星图光年轩,139.00,4室2厅,南,,6500,46.8,,,https://hz.lianjia.com/zufang/HZ2147598810791018496.html,2026-05-03 23:25:27,30.384134,120.111837
liangzhu,整租·勾庄佳苑 1室1厅 南,整租,勾庄佳苑,余杭区-良渚-勾庄佳苑,40.00,1室1厅,南,,1750,43.8,,,https://hz.lianjia.com/zufang/HZ2054761874980864000.html,2026-05-03 23:25:27,30.35691,120.08174
liangzhu,整租·溪谷岚湾 4室2厅 南/北,整租,溪谷岚湾,余杭区-良渚-溪谷岚湾,180.00,4室2厅,南/北,,15000,83.3,,,https://hz.lianjia.com/zufang/HZ2077282516162576384.html,2026-05-03 23:25:27,30.399463,120.008413
liangzhu,整租·萃栖云庐 4室2厅 西南,整租,萃栖云庐,余杭区-良渚-萃栖云庐,138.60,4室2厅,西南,,7500,54.1,,,https://hz.lianjia.com/zufang/HZ2139992051083640832.html,2026-05-03 23:25:27,30.384134,120.111837
liangzhu,整租·天阳棕榈湾金水岸 2室1厅 南,整租,天阳棕榈湾金水岸,余杭区-良渚-天阳棕榈湾金水岸,89.23,2室1厅,南,,3000,33.6,,,https://hz.lianjia.com/zufang/HZ2024771107084566528.html,2026-05-03 23:25:27,30.384134,120.111837
liangzhu,整租·绿城玉海棠里 4室2厅 南,整租,绿城玉海棠里,余杭区-良渚-绿城玉海棠里,169.00,4室2厅,南,,9000,53.3,,,https://hz.lianjia.com/zufang/HZ2155246227598344192.html,2026-05-03 23:25:27,30.380909,120.016673
liangzhu,整租·万科未来城三期梦溪里 4室2厅 跃层 南,整租,万科未来城三期梦溪里,余杭区-良渚-万科未来城三期梦溪里,139.00,4室2厅,,,7500,54.0,,,https://hz.lianjia.com/zufang/HZ2142252835671113728.html,2026-05-03 23:25:27,30.367897,120.049552
liangzhu,整租·良渚文化村白鹭郡北 3室3厅 南,整租,良渚文化村白鹭郡北,余杭区-良渚-良渚文化村白鹭郡北,295.10,3室3厅,南,,5000,16.9,,,https://hz.lianjia.com/zufang/HZ2141044708384702464.html,2026-05-03 23:25:27,30.36552,120.019401
liangzhu,整租·上亿SOHO 2室1厅 东,整租,上亿SOHO,余杭区-良渚-上亿,56.22,2室1厅,东,,2600,46.2,,,https://hz.lianjia.com/zufang/HZ2161106672079077376.html,2026-05-03 23:25:27,30.384134,120.111837
liangzhu,整租·周家里 3室2厅 南,整租,周家里,余杭区-良渚-周家里,158.00,3室2厅,南,,4250,26.9,,,https://hz.lianjia.com/zufang/HZ2125171692698337280.html,2026-05-03 23:25:27,30.37437,120.04619
liangzhu,整租·良渚文化村七贤郡 3室2厅 跃层 南,整租,良渚文化村七贤郡,余杭区-良渚-良渚文化村七贤郡,89.00,3室2厅,,,3800,42.7,,,https://hz.lianjia.com/zufang/HZ2101274027245961216.html,2026-05-03 23:25:27,30.349967,120.001941
liangzhu,整租·上亿SOHO 2室1厅 南,整租,上亿SOHO,余杭区-良渚-上亿,63.00,2室1厅,南,,2550,40.5,,,https://hz.lianjia.com/zufang/HZ2155174712341168128.html,2026-05-03 23:25:27,30.384134,120.111837
liangzhu,整租·万科未来之光 1室1厅 南,整租,万科未来之光,余杭区-良渚-万科未来之光,36.00,1室1厅,南,,2500,69.4,,,https://hz.lianjia.com/zufang/HZ2161713915669512192.html,2026-05-03 23:25:27,30.36968,120.02285
liangzhu,整租·和光尘樾轩 4室2厅 南/北,整租,和光尘樾轩,余杭区-良渚-和光尘樾轩,113.00,4室2厅,南/北,,4900,43.4,,,https://hz.lianjia.com/zufang/HZ2161345148120727552.html,2026-05-03 23:25:27,30.384134,120.111837
liangzhu,整租·未来城一期 3室2厅 南,整租,未来城一期,余杭区-良渚-未来城一期,114.00,3室2厅,南,,5000,43.9,,,https://hz.lianjia.com/zufang/HZ2157115143144603648.html,2026-05-03 23:25:27,30.36483,120.04944
liangzhu,整租·溪谷岚湾 4室2厅 南/北,整租,溪谷岚湾,余杭区-良渚-溪谷岚湾,161.00,4室2厅,南/北,,8500,52.8,,,https://hz.lianjia.com/zufang/HZ2150801828692885504.html,2026-05-03 23:25:27,30.399463,120.008413
liangzhu,整租·起梦科创数字园区 2室2厅 跃层 东,整租,起梦科创数字园区,余杭区-良渚-起梦科创数字园区,40.00,2室2厅,,,2600,65.0,,,https://hz.lianjia.com/zufang/HZ2154863044138631168.html,2026-05-03 23:25:27,30.384134,120.111837
liangzhu,整租·良渚文化村竹径茶语 4室2厅 南,整租,良渚文化村竹径茶语,余杭区-良渚-良渚文化村竹径茶语,252.96,4室2厅,南,,21700,85.8,,,https://hz.lianjia.com/zufang/HZ2109210013313531904.html,2026-05-03 23:25:36,30.374721,120.014867
liangzhu,整租·未来城一期 3室2厅 南/西,整租,未来城一期,余杭区-良渚-未来城一期,89.00,3室2厅,南/西,,3800,42.7,,,https://hz.lianjia.com/zufang/HZ2147582904656461824.html,2026-05-03 23:25:36,30.36483,120.04944
liangzhu,整租·万科良渚文化村秋荷坊 3室2厅 南,整租,万科良渚文化村秋荷坊,余杭区-良渚-万科良渚文化村秋荷坊,140.00,3室2厅,南,,7000,50.0,,,https://hz.lianjia.com/zufang/HZ2147518588322316288.html,2026-05-03 23:25:27,30.3598,120.02024
liangzhu,整租·联发亚澜湾 4室2厅 南,整租,联发亚澜湾,余杭区-良渚-联发亚澜湾,127.00,4室2厅,南,,5000,39.4,,,https://hz.lianjia.com/zufang/HZ2142550688033406976.html,2026-05-03 23:25:36,30.365039,120.058319
liangzhu,整租·和昌府 3室2厅 南,整租,和昌府,余杭区-良渚-和昌府,89.00,3室2厅,南,,3300,37.1,,,https://hz.lianjia.com/zufang/HZ2159550208357171200.html,2026-05-03 23:25:36,30.384134,120.111837
liangzhu,整租·未来城一期 3室1厅 南,整租,未来城一期,余杭区-良渚-未来城一期,89.00,3室1厅,南,,3700,41.6,,,https://hz.lianjia.com/zufang/HZ2150809281983676416.html,2026-05-03 23:25:36,30.36483,120.04944
liangzhu,整租·万科良渚文化村秋荷坊 4室2厅 南,整租,万科良渚文化村秋荷坊,余杭区-良渚-万科良渚文化村秋荷坊,180.00,4室2厅,南,,8000,44.4,,,https://hz.lianjia.com/zufang/HZ2024316668162867200.html,2026-05-03 23:25:36,30.3598,120.02024
liangzhu,整租·起梦科创数字园区 2室2厅 南,整租,起梦科创数字园区,余杭区-良渚-起梦科创数字园区,39.00,2室2厅,南,,2400,61.5,,,https://hz.lianjia.com/zufang/HZ2038513565328998400.html,2026-05-03 23:25:36,30.384134,120.111837
liangzhu,整租·和光尘樾轩 3室2厅 南/北,整租,和光尘樾轩,余杭区-良渚-和光尘樾轩,91.00,3室2厅,南/北,,4500,49.5,,,https://hz.lianjia.com/zufang/HZ2143399545353011200.html,2026-05-03 23:25:36,30.384134,120.111837
liangzhu,整租·奥克斯缔逸城 1室1厅 南,整租,奥克斯缔逸城,余杭区-良渚-奥克斯缔逸城,50.00,1室1厅,南,,2200,44.0,,,https://hz.lianjia.com/zufang/HZ2145714006692724736.html,2026-05-03 23:25:36,30.424074,120.046175
liangzhu,整租·良渚文化村柳映坊三期 4室2厅 跃层 南/北,整租,良渚文化村柳映坊三期,余杭区-良渚-良渚文化村柳映坊三期,136.00,4室2厅,,,6800,50.0,,,https://hz.lianjia.com/zufang/HZ2155172049901846528.html,2026-05-03 23:25:36,30.36196,120.0234
liangzhu,整租·星图光年轩 3室2厅 南/北,整租,星图光年轩,余杭区-良渚-星图光年轩,110.00,3室2厅,南/北,,6800,61.8,,,https://hz.lianjia.com/zufang/HZ2154416325949128704.html,2026-05-03 23:25:36,30.384134,120.111837
liangzhu,整租·良渚文化村白鹭郡南 2室2厅 南,整租,良渚文化村白鹭郡南,余杭区-良渚-良渚文化村白鹭郡南,88.00,2室2厅,南,,4200,47.7,,,https://hz.lianjia.com/zufang/HZ2099821324753960960.html,2026-05-03 23:25:36,30.360819,120.020315
liangzhu,整租·周家里 2室1厅 南,整租,周家里,余杭区-良渚-周家里,70.00,2室1厅,南,,2300,32.9,,,https://hz.lianjia.com/zufang/HZ2138705451422842880.html,2026-05-03 23:25:36,30.37437,120.04619
liangzhu,整租·良渚文化村白鹭郡南 2室2厅 跃层 东南,整租,良渚文化村白鹭郡南,余杭区-良渚-良渚文化村白鹭郡南,88.00,2室2厅,,,3500,39.8,,,https://hz.lianjia.com/zufang/HZ2158836491650859008.html,2026-05-03 23:25:36,30.360819,120.020315
liangzhu,整租·萃栖云庐 4室2厅 南,整租,萃栖云庐,余杭区-良渚-萃栖云庐,118.96,4室2厅,南,,8000,67.2,,,https://hz.lianjia.com/zufang/HZ2118238790039371776.html,2026-05-03 23:25:36,30.384134,120.111837
liangzhu,整租·上实白洋港城一期 3室1厅 南,整租,上实白洋港城一期,余杭区-良渚-上实白洋港城一期,89.00,3室1厅,南,,3600,40.4,,,https://hz.lianjia.com/zufang/HZ2154891969392803840.html,2026-05-03 23:25:36,30.351287,120.074562
liangzhu,整租·良渚文化村竹径茶语 4室4厅 南,整租,良渚文化村竹径茶语,余杭区-良渚-良渚文化村竹径茶语,361.44,4室4厅,南,,45000,124.5,,,https://hz.lianjia.com/zufang/HZ2151883128627527680.html,2026-05-03 23:25:36,30.374721,120.014867
liangzhu,整租·万科良渚文化村秋荷坊 3室2厅 南,整租,万科良渚文化村秋荷坊,余杭区-良渚-万科良渚文化村秋荷坊,139.00,3室2厅,南,,5900,42.4,,,https://hz.lianjia.com/zufang/HZ2148333134884634624.html,2026-05-03 23:25:36,30.3598,120.02024
liangzhu,整租·良渚文化村春漫里 1室1厅 南,整租,良渚文化村春漫里,余杭区-良渚-良渚文化村春漫里,72.00,1室1厅,南,,3000,41.7,,,https://hz.lianjia.com/zufang/HZ2158096865973764096.html,2026-05-03 23:25:36,30.36082,120.0175
liangzhu,整租·昆华玉府 3室2厅 南,整租,昆华玉府,余杭区-良渚-昆华玉府,89.00,3室2厅,南,,4600,51.7,,,https://hz.lianjia.com/zufang/HZ2149083168517390336.html,2026-05-03 23:25:42,30.384134,120.111837
liangzhu,整租·星图光年轩 3室2厅 南,整租,星图光年轩,余杭区-良渚-星图光年轩,105.00,3室2厅,南,,5800,55.2,,,https://hz.lianjia.com/zufang/HZ2149130963571965952.html,2026-05-03 23:25:42,30.384134,120.111837
liangzhu,整租·万科未来城三期梦溪里 3室2厅 南,整租,万科未来城三期梦溪里,余杭区-良渚-万科未来城三期梦溪里,88.00,3室2厅,南,,3565,40.5,,,https://hz.lianjia.com/zufang/HZ2149110527618449408.html,2026-05-03 23:25:42,30.367897,120.049552
liangzhu,合租·书韵名邸 2居室 南卧,合租,书韵名邸 2居室 南卧,余杭区-良渚-书韵名邸,38.90,,,,1700,43.7,,,https://hz.lianjia.com/zufang/HZ2149720662653009920.html,2026-05-03 23:25:42,30.383002,120.045128
liangzhu,整租·良渚文化村七贤郡 3室2厅 南/北,整租,良渚文化村七贤郡,余杭区-良渚-良渚文化村七贤郡,87.00,3室2厅,南/北,,3200,36.8,,,https://hz.lianjia.com/zufang/HZ2150105187434364928.html,2026-05-03 23:25:42,30.349967,120.001941
liangzhu,整租·良渚文化村白鹭郡东 3室2厅 南,整租,良渚文化村白鹭郡东,余杭区-良渚-良渚文化村白鹭郡东,115.37,3室2厅,南,,5000,43.3,,,https://hz.lianjia.com/zufang/HZ2150087688261206016.html,2026-05-03 23:25:42,30.365944,120.02439
liangzhu,整租·奥克斯缔逸城 1室1厅 北,整租,奥克斯缔逸城,余杭区-良渚-奥克斯缔逸城,48.00,1室1厅,北,,2500,52.1,,,https://hz.lianjia.com/zufang/HZ2150158489568149504.html,2026-05-03 23:25:42,30.424074,120.046175
liangzhu,整租·缦云坊 3室2厅 南,整租,缦云坊,余杭区-良渚-缦云坊,110.00,3室2厅,南,,4000,36.4,,,https://hz.lianjia.com/zufang/HZ2150465693357703168.html,2026-05-03 23:25:42,30.384134,120.111837
liangzhu,整租·良渚文化村白鹭郡东 3室2厅 南,整租,良渚文化村白鹭郡东,余杭区-良渚-良渚文化村白鹭郡东,115.00,3室2厅,南,,4300,37.4,,,https://hz.lianjia.com/zufang/HZ2150457200357670912.html,2026-05-03 23:25:42,30.365944,120.02439
liangzhu,整租·和昌府 2室2厅 南,整租,和昌府,余杭区-良渚-和昌府,87.00,2室2厅,南,,2500,28.7,,,https://hz.lianjia.com/zufang/HZ2150495824499441664.html,2026-05-03 23:25:42,30.384134,120.111837
liangzhu,整租·棕榈湾二期 2室1厅 南,整租,棕榈湾二期,余杭区-良渚-棕榈湾二期,92.00,2室1厅,南,,3300,35.9,,,https://hz.lianjia.com/zufang/HZ2150477790372167680.html,2026-05-03 23:25:42,30.363937,120.083636
liangzhu,整租·棕榈湾二期 3室2厅 南,整租,棕榈湾二期,余杭区-良渚-棕榈湾二期,125.00,3室2厅,南,,3800,30.4,,,https://hz.lianjia.com/zufang/HZ2150468188943417344.html,2026-05-03 23:25:42,30.363937,120.083636
liangzhu,整租·望城 3室2厅 南/北,整租,望城,余杭区-良渚-望城,132.00,3室2厅,南/北,,3500,26.5,,,https://hz.lianjia.com/zufang/HZ2150515849855762432.html,2026-05-03 23:25:42,30.384134,120.111837
liangzhu,整租·萃栖云庐 5室2厅 南/北,整租,萃栖云庐,余杭区-良渚-萃栖云庐,168.00,5室2厅,南/北,,8200,48.8,,,https://hz.lianjia.com/zufang/HZ2150579945775038464.html,2026-05-03 23:25:42,30.384134,120.111837
liangzhu,合租·白洋港城二期 4居室 南/北卧,合租,白洋港城二期 4居室 南/北卧,余杭区-良渚-白洋港城二期,30.00,,,,1400,46.7,,,https://hz.lianjia.com/zufang/HZ2150558619786018816.html,2026-05-03 23:25:42,30.350779,120.077904
liangzhu,整租·香格里拉蓝月春晓 3室2厅 南/西,整租,香格里拉蓝月春晓,余杭区-良渚-香格里拉蓝月春晓,99.00,3室2厅,南/西,,4200,42.4,,,https://hz.lianjia.com/zufang/HZ2150516918337929216.html,2026-05-03 23:25:42,30.348427,119.991626
liangzhu,整租·上亿SOHO 1室1厅 南,整租,上亿SOHO,余杭区-良渚-上亿,44.00,1室1厅,南,,1800,40.9,,,https://hz.lianjia.com/zufang/HZ2150611734950313984.html,2026-05-03 23:25:42,30.384134,120.111837
liangzhu,整租·融信沐水澜轩 4室2厅 南,整租,融信沐水澜轩,余杭区-良渚-融信沐水澜轩,125.00,4室2厅,南,,8500,68.0,,,https://hz.lianjia.com/zufang/HZ2150803803874525184.html,2026-05-03 23:25:42,30.384134,120.111837
liangzhu,整租·万科未来城二期 3室2厅 南,整租,万科未来城二期,余杭区-良渚-万科未来城二期,89.55,3室2厅,南,,3900,43.6,,,https://hz.lianjia.com/zufang/HZ2150810241170669568.html,2026-05-03 23:25:42,30.362888,120.045623
liangzhu,整租·白洋港城二期 5室0厅 南/北,整租,白洋港城二期,余杭区-良渚-白洋港城二期,108.00,5室0厅,南/北,,3500,32.4,,,https://hz.lianjia.com/zufang/HZ2150852945099358208.html,2026-05-03 23:25:42,30.350051,120.077238
liangzhu,整租·联发藏珑大境 4室2厅 南,整租,联发藏珑大境,余杭区-良渚-联发藏珑大境,125.00,4室2厅,南,,2500,20.0,,,https://hz.lianjia.com/zufang/HZ2142173380097343488.html,2026-05-03 23:26:02,30.365039,120.058319
liangzhu,整租·万科未来城三期梦溪里 4室2厅 跃层 南,整租,万科未来城三期梦溪里,余杭区-良渚-万科未来城三期梦溪里,137.00,4室2厅,,,12000,87.6,,,https://hz.lianjia.com/zufang/HZ2130198523906359296.html,2026-05-03 23:26:02,30.367897,120.049552
liangzhu,整租·和光尘樾轩 4室2厅 西南,整租,和光尘樾轩,余杭区-良渚-和光尘樾轩,117.00,4室2厅,西南,,4800,41.0,,,https://hz.lianjia.com/zufang/HZ2088554376741257216.html,2026-05-03 23:26:02,30.384134,120.111837
liangzhu,整租·烟雨颐和江南府 4室2厅 南,整租,烟雨颐和江南府,余杭区-良渚-烟雨颐和江南府,125.00,4室2厅,南,,5500,44.0,,,https://hz.lianjia.com/zufang/HZ2158966050329198592.html,2026-05-03 23:25:48,30.384134,120.111837
liangzhu,整租·溪谷岚湾 4室2厅 跃层 南/北,整租,溪谷岚湾,余杭区-良渚-溪谷岚湾,157.00,4室2厅,,,7500,47.8,,,https://hz.lianjia.com/zufang/HZ2088577076792655872.html,2026-05-03 23:25:48,30.399463,120.008413
liangzhu,整租·香格里拉蓝月春晓 3室2厅 南,整租,香格里拉蓝月春晓,余杭区-良渚-香格里拉蓝月春晓,100.00,3室2厅,南,,3800,38.0,,,https://hz.lianjia.com/zufang/HZ2143685397081751552.html,2026-05-03 23:25:48,30.348427,119.991626
liangzhu,整租·良渚文化村七贤郡 3室2厅 南,整租,良渚文化村七贤郡,余杭区-良渚-良渚文化村七贤郡,86.00,3室2厅,南,,3300,38.4,,,https://hz.lianjia.com/zufang/HZ2154068186897580032.html,2026-05-03 23:25:48,30.349967,120.001941
liangzhu,整租·万科良渚文化村堂前 4室2厅 跃层 南/北,整租,万科良渚文化村堂前,余杭区-良渚-万科良渚文化村堂前,282.22,4室2厅,,,13600,48.2,,,https://hz.lianjia.com/zufang/HZ2158805675801575424.html,2026-05-03 23:25:48,30.36968,120.02285
liangzhu,整租·溪谷岚湾 4室2厅 南,整租,溪谷岚湾,余杭区-良渚-溪谷岚湾,158.42,4室2厅,南,,8000,50.5,,,https://hz.lianjia.com/zufang/HZ2149077142682468352.html,2026-05-03 23:26:02,30.399463,120.008413
liangzhu,整租·烟雨颐和江南府 3室2厅 跃层 南,整租,烟雨颐和江南府,余杭区-良渚-烟雨颐和江南府,84.79,3室2厅,,,4500,53.1,,,https://hz.lianjia.com/zufang/HZ1933457226144415744.html,2026-05-03 23:26:02,30.384134,120.111837
liangzhu,整租·昆华玉府 4室2厅 南,整租,昆华玉府,余杭区-良渚-昆华玉府,89.00,4室2厅,南,,3300,37.1,,,https://hz.lianjia.com/zufang/HZ2159247279964291072.html,2026-05-03 23:25:48,30.384134,120.111837
liangzhu,整租·联发藏珑大境 4室2厅 跃层 东,整租,联发藏珑大境,余杭区-良渚-联发藏珑大境,154.00,4室2厅,,,6000,39.0,,,https://hz.lianjia.com/zufang/HZ1846125805332070400.html,2026-05-03 23:25:48,30.365039,120.058319
liangzhu,整租·良渚文化村探梅里B 2室1厅 南,整租,良渚文化村探梅里B,余杭区-良渚-良渚文化村探梅里,89.00,2室1厅,南,,4000,44.9,,,https://hz.lianjia.com/zufang/HZ2154591935971459072.html,2026-05-03 23:26:02,30.356496,120.01652
liangzhu,整租·未来城一期 3室2厅 南,整租,未来城一期,余杭区-良渚-未来城一期,89.00,3室2厅,南,,3900,43.8,,,https://hz.lianjia.com/zufang/HZ2143304606434721792.html,2026-05-03 23:26:02,30.36483,120.04944
liangzhu,整租·九衡公寓 2室2厅 南,整租,九衡公寓,余杭区-良渚-九衡公寓,76.00,2室2厅,南,,2500,32.9,,,https://hz.lianjia.com/zufang/HZ2159511409568776192.html,2026-05-03 23:26:09,30.384134,120.111837
liangzhu,整租·和光尘樾轩 4室2厅 南,整租,和光尘樾轩,余杭区-良渚-和光尘樾轩,114.00,4室2厅,南,,4500,39.5,,,https://hz.lianjia.com/zufang/HZ2150809378079375360.html,2026-05-03 23:26:09,30.384134,120.111837
liangzhu,整租·九衡公寓 2室1厅 南,整租,九衡公寓,余杭区-良渚-九衡公寓,61.50,2室1厅,南,,2500,40.7,,,https://hz.lianjia.com/zufang/HZ2135336317150560256.html,2026-05-03 23:26:09,30.384134,120.111837
liangzhu,整租·中粮康良祥云府 4室2厅 南,整租,中粮康良祥云府,余杭区-良渚-中粮康良祥云府,116.00,4室2厅,南,,4600,39.7,,,https://hz.lianjia.com/zufang/HZ2148012811333140480.html,2026-05-03 23:26:39,30.38136,120.04276
liangzhu,整租·万科良渚文化村秋荷坊 3室2厅 南,整租,万科良渚文化村秋荷坊,余杭区-良渚-万科良渚文化村秋荷坊,139.00,3室2厅,南,,5500,39.6,,,https://hz.lianjia.com/zufang/HZ2152776788307083264.html,2026-05-03 23:26:39,30.3598,120.02024
liangzhu,整租·九衡公寓 2室2厅 南,整租,九衡公寓,余杭区-良渚-九衡公寓,61.52,2室2厅,南,,2300,37.4,,,https://hz.lianjia.com/zufang/HZ2108190504939159552.html,2026-05-03 23:26:09,30.384134,120.111837
liangzhu,整租·良渚文化村探梅里B 2室2厅 南,整租,良渚文化村探梅里B,余杭区-良渚-良渚文化村探梅里,89.00,2室2厅,南,,4000,44.9,,,https://hz.lianjia.com/zufang/HZ2154942949002051584.html,2026-05-03 23:26:09,30.356496,120.01652
liangzhu,整租·水口头新村 2室1厅 南,整租,水口头新村,余杭区-良渚-水口头新村,60.00,2室1厅,南,,2000,33.3,,,https://hz.lianjia.com/zufang/HZ2153897003715657728.html,2026-05-03 23:26:39,30.37972,120.04523
liangzhu,整租·良渚文化村柳映坊三期 3室2厅 东南,整租,良渚文化村柳映坊三期,余杭区-良渚-良渚文化村柳映坊三期,117.00,3室2厅,东南,,5000,42.7,,,https://hz.lianjia.com/zufang/HZ2109847328113295360.html,2026-05-03 23:26:39,30.36196,120.0234
liangzhu,整租·九衡公寓 5室2厅 南,整租,九衡公寓,余杭区-良渚-九衡公寓,168.00,5室2厅,南,,4000,23.8,,,https://hz.lianjia.com/zufang/HZ2160365994663477248.html,2026-05-03 23:26:09,30.384134,120.111837
liangzhu,整租·香格里拉蓝月春晓 3室2厅 南,整租,香格里拉蓝月春晓,余杭区-良渚-香格里拉蓝月春晓,93.00,3室2厅,南,,3800,40.9,,,https://hz.lianjia.com/zufang/HZ2149804858524303360.html,2026-05-03 23:26:09,30.348427,119.991626
liangzhu,整租·烟雨颐和江南府 4室2厅 南,整租,烟雨颐和江南府,余杭区-良渚-烟雨颐和江南府,137.00,4室2厅,南,,3500,25.5,,,https://hz.lianjia.com/zufang/HZ2154140250664861696.html,2026-05-03 23:26:09,30.384134,120.111837
liangzhu,整租·良渚文化村白鹭郡南 2室2厅 南,整租,良渚文化村白鹭郡南,余杭区-良渚-良渚文化村白鹭郡南,88.00,2室2厅,南,,3500,39.8,,,https://hz.lianjia.com/zufang/HZ2161667103726239744.html,2026-05-03 23:26:09,30.360819,120.020315
liangzhu,整租·和光尘樾轩 4室2厅 南,整租,和光尘樾轩,余杭区-良渚-和光尘樾轩,114.00,4室2厅,南,,4699,41.2,,,https://hz.lianjia.com/zufang/HZ2158095794467504128.html,2026-05-03 23:26:09,30.384134,120.111837
liangzhu,整租·九衡公寓 3室2厅 南,整租,九衡公寓,余杭区-良渚-九衡公寓,128.00,3室2厅,南,,2800,21.9,,,https://hz.lianjia.com/zufang/HZ2141823032681824256.html,2026-05-03 23:26:09,30.384134,120.111837
liangzhu,整租·星图光年轩 3室2厅 南,整租,星图光年轩,余杭区-良渚-星图光年轩,105.00,3室2厅,南,,4500,42.9,,,https://hz.lianjia.com/zufang/HZ2152642792436793344.html,2026-05-03 23:26:09,30.384134,120.111837
liangzhu,整租·九衡公寓 3室2厅 南,整租,九衡公寓,余杭区-良渚-九衡公寓,116.00,3室2厅,南,,3800,32.8,,,https://hz.lianjia.com/zufang/HZ2156714369503723520.html,2026-05-03 23:26:09,30.384134,120.111837
liangzhu,整租·中粮康良祥云府 4室2厅 南,整租,中粮康良祥云府,余杭区-良渚-中粮康良祥云府,144.00,4室2厅,南,,6000,41.7,,,https://hz.lianjia.com/zufang/HZ1940009138767527936.html,2026-05-03 23:26:09,30.38136,120.04276
liangzhu,整租·奥克斯缔逸城 3室2厅 南,整租,奥克斯缔逸城,余杭区-良渚-奥克斯缔逸城,89.00,3室2厅,南,,3800,42.7,,,https://hz.lianjia.com/zufang/HZ2157691714863628288.html,2026-05-03 23:26:09,30.424074,120.046175
liangzhu,整租·未来城一期 3室2厅 南,整租,未来城一期,余杭区-良渚-未来城一期,88.00,3室2厅,南,,3300,37.5,,,https://hz.lianjia.com/zufang/HZ2159944236877742080.html,2026-05-03 23:26:09,30.36483,120.04944
liangzhu,整租·万科未来城二期 3室2厅 南,整租,万科未来城二期,余杭区-良渚-万科未来城二期,84.40,3室2厅,南,,3400,40.3,,,https://hz.lianjia.com/zufang/HZ2125448312180965376.html,2026-05-03 23:26:09,30.362888,120.045623
liangzhu,整租·碧水澜天华庭 4室2厅 南,整租,碧水澜天华庭,余杭区-良渚-碧水澜天华庭,109.00,4室2厅,南,,3600,33.0,,,https://hz.lianjia.com/zufang/HZ2119289811490570240.html,2026-05-03 23:26:09,30.384134,120.111837
liangzhu,整租·碧水澜天华庭 3室2厅 南,整租,碧水澜天华庭,余杭区-良渚-碧水澜天华庭,89.00,3室2厅,南,,3600,40.4,,,https://hz.lianjia.com/zufang/HZ2007298271562694656.html,2026-05-03 23:26:09,30.384134,120.111837
liangzhu,整租·上实白洋港城一期 3室1厅 南,整租,上实白洋港城一期,余杭区-良渚-上实白洋港城一期,89.00,3室1厅,南,,4300,48.3,,,https://hz.lianjia.com/zufang/HZ2156674947336896512.html,2026-05-03 23:26:09,30.351287,120.074562
liangzhu,整租·奥克斯缔逸城 3室2厅 南,整租,奥克斯缔逸城,余杭区-良渚-奥克斯缔逸城,89.00,3室2厅,南,,4100,46.1,,,https://hz.lianjia.com/zufang/HZ2158424989374611456.html,2026-05-03 23:26:09,30.424074,120.046175
liangzhu,整租·万科郡西澜山 3室2厅 南,整租,万科郡西澜山,余杭区-良渚-万科郡西澜山,123.00,3室2厅,南,,5800,47.2,,,https://hz.lianjia.com/zufang/HZ2121903732168851456.html,2026-05-03 23:26:39,30.36968,120.02285
liangzhu,整租·万科未来城三期梦溪里 3室2厅 南,整租,万科未来城三期梦溪里,余杭区-良渚-万科未来城三期梦溪里,89.00,3室2厅,南,,3900,43.8,,,https://hz.lianjia.com/zufang/HZ2144780740766728192.html,2026-05-03 23:26:39,30.367897,120.049552
liangzhu,整租·九衡公寓 3室2厅 南,整租,九衡公寓,余杭区-良渚-九衡公寓,117.00,3室2厅,南,,2500,21.4,,,https://hz.lianjia.com/zufang/HZ2153369435019149312.html,2026-05-03 23:26:39,30.384134,120.111837
liangzhu,整租·九衡公寓 3室1厅 南,整租,九衡公寓,余杭区-良渚-九衡公寓,76.00,3室1厅,南,,2800,36.8,,,https://hz.lianjia.com/zufang/HZ2145468808154841088.html,2026-05-03 23:26:39,30.384134,120.111837
liangzhu,整租·碧水澜天华庭 3室2厅 南,整租,碧水澜天华庭,余杭区-良渚-碧水澜天华庭,83.00,3室2厅,南,,3800,45.8,,,https://hz.lianjia.com/zufang/HZ2145165589633564672.html,2026-05-03 23:26:39,30.384134,120.111837
liangzhu,整租·良渚文化村春漫里 1室1厅 北,整租,良渚文化村春漫里,余杭区-良渚-良渚文化村春漫里,68.00,1室1厅,北,,2750,40.4,,,https://hz.lianjia.com/zufang/HZ2075914001866293248.html,2026-05-03 23:26:39,30.36082,120.0175
liangzhu,整租·良渚文化村春漫里 1室1厅 南,整租,良渚文化村春漫里,余杭区-良渚-良渚文化村春漫里,62.32,1室1厅,南,,3300,53.0,,,https://hz.lianjia.com/zufang/HZ2150130232969920512.html,2026-05-03 23:26:39,30.36082,120.0175
liangzhu,整租·书韵名邸 1室1厅 南,整租,书韵名邸,余杭区-良渚-书韵名邸,27.00,1室1厅,南,,1600,59.3,,,https://hz.lianjia.com/zufang/HZ2159562055974125568.html,2026-05-03 23:26:39,30.383002,120.045128
liangzhu,整租·良渚文化村白鹭郡东 4室2厅 南,整租,良渚文化村白鹭郡东,余杭区-良渚-良渚文化村白鹭郡东,126.00,4室2厅,南,,4000,31.7,,,https://hz.lianjia.com/zufang/HZ2161292049771397120.html,2026-05-03 23:26:39,30.365944,120.02439
liangzhu,整租·严村里 4室2厅 南,整租,严村里,余杭区-良渚-严村里,137.00,4室2厅,南,,4000,29.2,,,https://hz.lianjia.com/zufang/HZ2159141122566258688.html,2026-05-03 23:26:39,30.36342,120.05707
liangzhu,整租·碧水澜天华庭 3室2厅 南,整租,碧水澜天华庭,余杭区-良渚-碧水澜天华庭,109.00,3室2厅,南,,5500,50.5,,,https://hz.lianjia.com/zufang/HZ2160012690708234240.html,2026-05-03 23:26:39,30.384134,120.111837
liangzhu,整租·缦云坊 3室2厅 南,整租,缦云坊,余杭区-良渚-缦云坊,87.00,3室2厅,南,,3600,41.4,,,https://hz.lianjia.com/zufang/HZ2157757245037740032.html,2026-05-03 23:26:39,30.384134,120.111837
liangzhu,整租·朗诗美丽洲 5室2厅 南,整租,朗诗美丽洲,余杭区-良渚-朗诗美丽洲,259.00,5室2厅,南,,18000,69.5,,,https://hz.lianjia.com/zufang/HZ2159146296097636352.html,2026-05-03 23:26:39,30.384134,120.111837
liangzhu,合租·天阳棕榈湾一期 3居室 南卧,合租,天阳棕榈湾一期 3居室 南卧,余杭区-良渚-天阳棕榈湾一期,70.00,,,,2000,28.6,,,https://hz.lianjia.com/zufang/HZ2141490341792972800.html,2026-05-03 23:26:39,30.362354,120.078561
liangzhu,整租·望城 4室2厅 南,整租,望城,余杭区-良渚-望城,131.89,4室2厅,南,,3600,27.3,,,https://hz.lianjia.com/zufang/HZ2146973654406135808.html,2026-05-03 23:27:11,30.384134,120.111837
liangzhu,整租·周家里 2室1厅 南,整租,周家里,余杭区-良渚-周家里,69.91,2室1厅,南,,2000,28.6,,,https://hz.lianjia.com/zufang/HZ2146901479959560192.html,2026-05-03 23:27:11,30.37437,120.04619
liangzhu,整租·万科未来城二期 3室2厅 南,整租,万科未来城二期,余杭区-良渚-万科未来城二期,86.29,3室2厅,南,,3200,37.1,,,https://hz.lianjia.com/zufang/HZ2149375567835693056.html,2026-05-03 23:27:11,30.362888,120.045623
liangzhu,整租·勾庄佳苑 4室2厅 东南,整租,勾庄佳苑,余杭区-良渚-勾庄佳苑,161.24,4室2厅,东南,,7300,45.3,,,https://hz.lianjia.com/zufang/HZ2155909436474916864.html,2026-05-03 23:26:54,30.35691,120.08174
liangzhu,整租·万科未来之光 1室1厅 西,整租,万科未来之光,余杭区-良渚-万科未来之光,25.35,1室1厅,西,,2400,94.7,,,https://hz.lianjia.com/zufang/HZ2156399155122012160.html,2026-05-03 23:26:54,30.36968,120.02285
liangzhu,整租·九衡公寓 3室2厅 南/北,整租,九衡公寓,余杭区-良渚-九衡公寓,110.55,3室2厅,南/北,,2900,26.2,,,https://hz.lianjia.com/zufang/HZ2156747900879634432.html,2026-05-03 23:26:54,30.384134,120.111837
liangzhu,整租·未来城一期 3室2厅 南,整租,未来城一期,余杭区-良渚-未来城一期,112.90,3室2厅,南,,3900,34.5,,,https://hz.lianjia.com/zufang/HZ2157503070844485632.html,2026-05-03 23:26:54,30.36483,120.04944
liangzhu,整租·起梦科创数字园区 2室1厅 南,整租,起梦科创数字园区,余杭区-良渚-起梦科创数字园区,35.93,2室1厅,南,,2200,61.2,,,https://hz.lianjia.com/zufang/HZ2158520166709723136.html,2026-05-03 23:26:54,30.384134,120.111837
liangzhu,整租·石榴派 3室2厅 南,整租,石榴派,余杭区-良渚-石榴派,91.08,3室2厅,南,,3000,32.9,,,https://hz.lianjia.com/zufang/HZ2158854428407365632.html,2026-05-03 23:26:54,30.384134,120.111837
liangzhu,整租·万科良渚文化村秋荷坊 4室2厅 南,整租,万科良渚文化村秋荷坊,余杭区-良渚-万科良渚文化村秋荷坊,138.13,4室2厅,南,,7500,54.3,,,https://hz.lianjia.com/zufang/HZ2158801497620480000.html,2026-05-03 23:26:54,30.3598,120.02024
liangzhu,整租·万科未来之光 2室2厅 南,整租,万科未来之光,余杭区-良渚-万科未来之光,35.00,2室2厅,南,,1699,48.5,,,https://hz.lianjia.com/zufang/HZ1971134840371675136.html,2026-05-03 23:27:04,30.36968,120.02285
liangzhu,整租·奥克斯缔逸城 1室1厅 东,整租,奥克斯缔逸城,余杭区-良渚-奥克斯缔逸城,44.71,1室1厅,东,,1750,39.1,,,https://hz.lianjia.com/zufang/HZ2006757115523235840.html,2026-05-03 23:27:04,30.424074,120.046175
liangzhu,整租·和光尘樾轩 3室0厅 北,整租,和光尘樾轩,余杭区-良渚-和光尘樾轩,10.00,3室0厅,北,,1450,145.0,,,https://hz.lianjia.com/zufang/HZ1941118346258808832.html,2026-05-03 23:26:54,30.384134,120.111837
liangzhu,整租·和光尘樾轩 3室0厅 北,整租,和光尘樾轩,余杭区-良渚-和光尘樾轩,10.00,3室0厅,北,,1450,145.0,,,https://hz.lianjia.com/zufang/HZ1941118347441602560.html,2026-05-03 23:26:54,30.384134,120.111837
liangzhu,整租·和光尘樾轩 3室1厅 北,整租,和光尘樾轩,余杭区-良渚-和光尘樾轩,20.00,3室1厅,北,,900,45.0,,,https://hz.lianjia.com/zufang/HZ1946491855218671616.html,2026-05-03 23:26:54,30.384134,120.111837
liangzhu,整租·起梦科创数字园区 2室1厅 南,整租,起梦科创数字园区,余杭区-良渚-起梦科创数字园区,35.23,2室1厅,南,,2200,62.4,,,https://hz.lianjia.com/zufang/HZ2024750751665881088.html,2026-05-03 23:26:54,30.384134,120.111837
liangzhu,整租·万科未来之光 1室1厅 北,整租,万科未来之光,余杭区-良渚-万科未来之光,22.83,1室1厅,北,,1650,72.3,,,https://hz.lianjia.com/zufang/HZ2025121100148506624.html,2026-05-03 23:26:54,30.36968,120.02285
liangzhu,整租·起梦科创数字园区 2室1厅 南,整租,起梦科创数字园区,余杭区-良渚-起梦科创数字园区,35.10,2室1厅,南,,2200,62.7,,,https://hz.lianjia.com/zufang/HZ2028362016132956160.html,2026-05-03 23:26:54,30.384134,120.111837
liangzhu,整租·万科未来之光 1室1厅 北,整租,万科未来之光,余杭区-良渚-万科未来之光,22.14,1室1厅,北,,1700,76.8,,,https://hz.lianjia.com/zufang/HZ2030972021793357824.html,2026-05-03 23:27:04,30.36968,120.02285
liangzhu,整租·万科未来之光 1室1厅 南,整租,万科未来之光,余杭区-良渚-万科未来之光,35.37,1室1厅,南,,2400,67.9,,,https://hz.lianjia.com/zufang/HZ2032029244585934848.html,2026-05-03 23:27:04,30.36968,120.02285
liangzhu,整租·昆华玉府 3室2厅 南,整租,昆华玉府,余杭区-良渚-昆华玉府,89.34,3室2厅,南,,2900,32.5,,,https://hz.lianjia.com/zufang/HZ2036306286894645248.html,2026-05-03 23:27:04,30.384134,120.111837
liangzhu,整租·奥克斯缔逸城 2室2厅 西南,整租,奥克斯缔逸城,余杭区-良渚-奥克斯缔逸城,70.90,2室2厅,西南,,3000,42.3,,,https://hz.lianjia.com/zufang/HZ2049099610911145984.html,2026-05-03 23:27:04,30.424074,120.046175
liangzhu,整租·奥克斯缔逸城 1室1厅 北,整租,奥克斯缔逸城,余杭区-良渚-奥克斯缔逸城,41.18,1室1厅,北,,2100,51.0,,,https://hz.lianjia.com/zufang/HZ2052986250247274496.html,2026-05-03 23:27:04,30.424074,120.046175
liangzhu,整租·万科未来之光 1室1厅 西,整租,万科未来之光,余杭区-良渚-万科未来之光,24.09,1室1厅,西,,1916,79.5,,,https://hz.lianjia.com/zufang/HZ2065407047171571712.html,2026-05-03 23:27:04,30.36968,120.02285
liangzhu,整租·万科未来之光 1室1厅 西南,整租,万科未来之光,余杭区-良渚-万科未来之光,23.03,1室1厅,西南,,2050,89.0,,,https://hz.lianjia.com/zufang/HZ2081337547237097472.html,2026-05-03 23:27:04,30.36968,120.02285
liangzhu,整租·杜诗苑 1室1厅 南,整租,杜诗苑,余杭区-良渚-杜诗苑,50.00,1室1厅,南,,1900,38.0,,,https://hz.lianjia.com/zufang/HZ2118297186205696000.html,2026-05-03 23:27:04,30.409121,120.013841
liangzhu,整租·万科未来之光 2室2厅 南,整租,万科未来之光,余杭区-良渚-万科未来之光,15.00,2室2厅,南,,1400,93.3,,,https://hz.lianjia.com/zufang/HZ1700390704263462912.html,2026-05-03 23:27:04,30.36968,120.02285
liangzhu,整租·和光尘樾轩 3室0厅 南,整租,和光尘樾轩,余杭区-良渚-和光尘樾轩,20.00,3室0厅,南,,1260,63.0,,,https://hz.lianjia.com/zufang/HZ1687693422552416256.html,2026-05-03 23:27:04,30.384134,120.111837
liangzhu,整租·上亿SOHO 1室1厅 南,整租,上亿SOHO,余杭区-良渚-上亿,66.94,1室1厅,南,,1700,25.4,,,https://hz.lianjia.com/zufang/HZ1701627626474438656.html,2026-05-03 23:27:04,30.384134,120.111837
liangzhu,整租·和光尘樾轩 1室0厅 南,整租,和光尘樾轩,余杭区-良渚-和光尘樾轩,12.00,1室0厅,南,,1200,100.0,,,https://hz.lianjia.com/zufang/HZ1674720702768349184.html,2026-05-03 23:27:04,30.384134,120.111837
liangzhu,整租·万科未来之光 1室1厅 南,整租,万科未来之光,余杭区-良渚-万科未来之光,22.00,1室1厅,南,,1900,86.4,,,https://hz.lianjia.com/zufang/HZ1823379010923528192.html,2026-05-03 23:27:04,30.36968,120.02285
liangzhu,整租·万科未来城三期梦溪里 3室2厅 南,整租,万科未来城三期梦溪里,余杭区-良渚-万科未来城三期梦溪里,89.66,3室2厅,南,,3400,37.9,,,https://hz.lianjia.com/zufang/HZ1876819955882655744.html,2026-05-03 23:27:04,30.367897,120.049552
liangzhu,整租·和光尘樾轩 3室1厅 北,整租,和光尘樾轩,余杭区-良渚-和光尘樾轩,10.00,3室1厅,北,,750,75.0,,,https://hz.lianjia.com/zufang/HZ1883777855251283968.html,2026-05-03 23:27:04,30.384134,120.111837
liangzhu,整租·棕榈湾二期 3室2厅 南,整租,棕榈湾二期,余杭区-良渚-棕榈湾二期,125.63,3室2厅,南,,3200,25.5,,,https://hz.lianjia.com/zufang/HZ2130269156661002240.html,2026-05-03 23:27:11,30.363937,120.083636
liangzhu,整租·亿丰蔚蓝郡 3室1厅 南,整租,亿丰蔚蓝郡,余杭区-良渚-亿丰蔚蓝郡,86.59,3室1厅,南,,2750,31.8,,,https://hz.lianjia.com/zufang/HZ2151206722776072192.html,2026-05-03 23:27:11,30.365985,120.058893
liangzhu,整租·上亿SOHO 1室1厅 南,整租,上亿SOHO,余杭区-良渚-上亿,43.30,1室1厅,南,,2000,46.2,,,https://hz.lianjia.com/zufang/HZ2160704092890988544.html,2026-05-03 23:27:11,30.384134,120.111837
liangzhu,整租·万科郡西澜山 4室2厅 南/北,整租,万科郡西澜山,余杭区-良渚-万科郡西澜山,143.64,4室2厅,南/北,,7000,48.7,,,https://hz.lianjia.com/zufang/HZ2160390708538638336.html,2026-05-03 23:27:11,30.36968,120.02285
liangzhu,整租·良渚文化村七贤郡 4室2厅 南,整租,良渚文化村七贤郡,余杭区-良渚-良渚文化村七贤郡,136.46,4室2厅,南,,4000,29.3,,,https://hz.lianjia.com/zufang/HZ2161116176040591360.html,2026-05-03 23:27:11,30.349967,120.001941
liangzhu,整租·周家里 2室1厅 南/北,整租,周家里,余杭区-良渚-周家里,71.06,2室1厅,南/北,,2400,33.8,,,https://hz.lianjia.com/zufang/HZ2161112875458887680.html,2026-05-03 23:27:11,30.37437,120.04619
liangzhu,整租·未来城一期 3室1厅 南,整租,未来城一期,余杭区-良渚-未来城一期,87.82,3室1厅,南,,3600,41.0,,,https://hz.lianjia.com/zufang/HZ2161102616166137856.html,2026-05-03 23:27:11,30.36483,120.04944
